[1, 0, 0, 0, 318.0, 45.0, 49.0, 49.0, 65.0, 65.0, 45.0, 1.0, 0, 0, 0, 0.88, 0, 0, 0, 0.71, 6.9, 45.0, 0]
[2, 0, 0, 0, 405.0, 60.0, 62.0, 63.0, 80.0, 80.0, 60.0, 1.0, 0, 0, 0, 0.88, 0, 0, 0, 0.99, 13.0, 45.0, 0]
[3, 0, 0, 0, 525.0, 80.0, 82.0, 83.0, 100.0, 100.0, 80.0, 1.0, 0, 0, 0, 0.88, 0, 0, 0, 2.01, 100.0, 45.0, 0]
[4, 0, 0, 0, 309.0, 39.0, 52.0, 43.0, 60.0, 50.0, 65.0, 1.0, 0, 0, 0, 0.88, 0, 0, 0, 0.61, 8.5, 45.0, 0]
[5, 0, 0, 0, 405.0, 58.0, 64.0, 58.0, 80.0, 65.0, 80.0, 1.0, 0, 0, 0, 0.88, 0, 0, 0, 1.09, 19.0, 45.0, 0]
[6, 0, 0, 0, 534.0, 78.0, 84.0, 78.0, 109.0, 85.0, 100.0, 1.0, 0, 0, 0, 0.88, 0, 0, 0, 1.7, 90.5, 45.0, 0]
[7, 0, 0, 0, 314.0, 44.0, 48.0, 65.0, 50.0, 64.0, 43.0, 1.0, 0, 0, 0, 0.88, 0, 0, 0, 0.51, 9.0, 45.0, 0]
[8, 0, 0, 0, 405.0, 59.0, 63.0, 80.0, 65.0, 80.0, 58.0, 1.0, 0, 0, 0, 0.88, 0, 0, 0, 0.99, 22.5, 45.0, 0]
[9, 0, 0, 0, 530.0, 79.0, 83.0, 100.0, 85.0, 105.0, 78.0, 1.0, 0, 0, 0, 0.88, 0, 0, 0, 1.6, 85.5, 45.0, 0]
[10, 0, 0, 0, 195.0, 45.0, 30.0, 35.0, 20.0, 20.0, 45.0, 1.0, 0, 0, 0, 0.5, 0, 0, 0, 0.3, 2.9, 255.0, 0]
[11, 0, 0, 0, 205.0, 50.0, 20.0, 55.0, 25.0, 25.0, 30.0, 1.0, 0, 0, 0, 0.5, 0, 0, 0, 0.71, 9.9, 120.0, 0]
[12, 0, 0, 0, 395.0, 60.0, 45.0, 50.0, 90.0, 80.0, 70.0, 1.0, 0, 0, 0, 0.5, 0, 0, 0, 1.09, 32.0, 45.0, 0]
[13, 0, 0, 0, 195.0, 40.0, 35.0, 30.0, 20.0, 20.0, 50.0, 1.0, 0, 0, 0, 0.5, 0, 0, 0, 0.3, 3.2, 255.0, 0]
[14, 0, 0, 0, 205.0, 45.0, 25.0, 50.0, 25.0, 25.0, 35.0, 1.0, 0, 0, 0, 0.5, 0, 0, 0, 0.61, 10.0, 120.0, 0]
[15, 0, 0, 0, 395.0, 65.0, 90.0, 40.0, 45.0, 80.0, 75.0, 1.0, 0, 0, 0, 0.5, 0, 0, 0, 0.99, 29.5, 45.0, 0]
[16, 0, 0, 0, 251.0, 40.0, 45.0, 40.0, 35.0, 35.0, 56.0, 1.0, 0, 0, 0, 0.5, 0, 0, 0, 0.3, 1.8, 255.0, 0]
[17, 0, 0, 0, 349.0, 63.0, 60.0, 55.0, 50.0, 50.0, 71.0, 1.0, 0, 0, 0, 0.5, 0, 0, 0, 1.09, 30.0, 120.0, 0]
[18, 0, 0, 0, 479.0, 83.0, 80.0, 75.0, 70.0, 70.0, 101.0, 1.0, 0, 0, 0, 0.5, 0, 0, 0, 1.5, 39.5, 45.0, 0]
[19, 0, 0, 0, 253.0, 30.0, 56.0, 35.0, 25.0, 35.0, 72.0, 1.0, 0, 0, 0, 0.5, 0, 0, 0, 0.3, 3.5, 255.0, 0]
[20, 0, 0, 0, 413.0, 55.0, 81.0, 60.0, 50.0, 70.0, 97.0, 1.0, 0, 0, 0, 0.5, 0, 0, 0, 0.71, 18.5, 127.0, 0]
[21, 0, 0, 0, 262.0, 40.0, 60.0, 30.0, 31.0, 31.0, 70.0, 1.0, 0, 0, 0, 0.5, 0, 0, 0, 0.3, 2.0, 255.0, 0]
[22, 0, 0, 0, 442.0, 65.0, 90.0, 65.0, 61.0, 61.0, 100.0, 1.0, 0, 0, 0, 0.5, 0, 0, 0, 1.19, 38.0, 90.0, 0]
[23, 0, 0, 0, 288.0, 35.0, 60.0, 44.0, 40.0, 54.0, 55.0, 1.0, 0, 0, 0, 0.5, 0, 0, 0, 2.01, 6.9, 255.0, 0]
[24, 0, 0, 0, 438.0, 60.0, 85.0, 69.0, 65.0, 79.0, 80.0, 1.0, 0, 0, 0, 0.5, 0, 0, 0, 3.51, 65.0, 90.0, 0]
[25, 0, 0, 0, 320.0, 35.0, 55.0, 40.0, 50.0, 50.0, 90.0, 1.0, 0, 0, 0, 0.5, 0, 0, 0, 0.41, 6.0, 190.0, 0]
[26, 0, 0, 0, 485.0, 60.0, 90.0, 55.0, 90.0, 80.0, 110.0, 1.0, 0, 0, 0, 0.5, 0, 0, 0, 0.79, 30.0, 75.0, 0]
[27, 0, 0, 0, 300.0, 50.0, 75.0, 85.0, 20.0, 30.0, 40.0, 1.0, 0, 0, 0, 0.5, 0, 0, 0, 0.61, 12.0, 255.0, 0]
[28, 0, 0, 0, 450.0, 75.0, 100.0, 110.0, 45.0, 55.0, 65.0, 1.0, 0, 0, 0, 0.5, 0, 0, 0, 0.99, 29.5, 90.0, 0]
[29, 0, 0, 0, 275.0, 55.0, 47.0, 52.0, 40.0, 40.0, 41.0, 1.0, 0, 0, 0, 0.0, 0, 0, 0, 0.41, 7.0, 235.0, 0]
[30, 0, 0, 0, 365.0, 70.0, 62.0, 67.0, 55.0, 55.0, 56.0, 1.0, 0, 0, 0, 0.0, 0, 0, 0, 0.79, 20.0, 120.0, 0]
[31, 0, 0, 0, 505.0, 90.0, 92.0, 87.0, 75.0, 85.0, 76.0, 1.0, 0, 0, 0, 0.0, 0, 0, 0, 1.3, 60.0, 45.0, 0]
[32, 0, 0, 0, 273.0, 46.0, 57.0, 40.0, 40.0, 40.0, 50.0, 1.0, 0, 0, 0, 1.0, 0, 0, 0, 0.51, 9.0, 235.0, 0]
[33, 0, 0, 0, 365.0, 61.0, 72.0, 57.0, 55.0, 55.0, 65.0, 1.0, 0, 0, 0, 1.0, 0, 0, 0, 0.89, 19.5, 120.0, 0]
[34, 0, 0, 0, 505.0, 81.0, 102.0, 77.0, 85.0, 75.0, 85.0, 1.0, 0, 0, 0, 1.0, 0, 0, 0, 1.4, 62.0, 45.0, 0]
[35, 0, 0, 0, 323.0, 70.0, 45.0, 48.0, 60.0, 65.0, 35.0, 1.0, 0, 0, 0, 0.25, 0, 0, 0, 0.61, 7.5, 150.0, 0]
[36, 0, 0, 0, 483.0, 95.0, 70.0, 73.0, 95.0, 90.0, 60.0, 1.0, 0, 0, 0, 0.25, 0, 0, 0, 1.3, 40.0, 25.0, 0]
[37, 0, 0, 0, 299.0, 38.0, 41.0, 40.0, 50.0, 65.0, 65.0, 1.0, 0, 0, 0, 0.25, 0, 0, 0, 0.61, 9.9, 190.0, 0]
[38, 0, 0, 0, 505.0, 73.0, 76.0, 75.0, 81.0, 100.0, 100.0, 1.0, 0, 0, 0, 0.25, 0, 0, 0, 1.09, 19.9, 75.0, 0]
[39, 0, 0, 0, 270.0, 115.0, 45.0, 20.0, 45.0, 25.0, 20.0, 1.0, 0, 0, 0, 0.25, 0, 0, 0, 0.51, 5.5, 170.0, 0]
[40, 0, 0, 0, 435.0, 140.0, 70.0, 45.0, 85.0, 50.0, 45.0, 1.0, 0, 0, 0, 0.25, 0, 0, 0, 0.99, 12.0, 50.0, 0]
[41, 0, 0, 0, 245.0, 40.0, 45.0, 35.0, 30.0, 40.0, 55.0, 1.0, 0, 0, 0, 0.5, 0, 0, 0, 0.79, 7.5, 255.0, 0]
[42, 0, 0, 0, 455.0, 75.0, 80.0, 70.0, 65.0, 75.0, 90.0, 1.0, 0, 0, 0, 0.5, 0, 0, 0, 1.6, 55.0, 90.0, 0]
[43, 0, 0, 0, 320.0, 45.0, 50.0, 55.0, 75.0, 65.0, 30.0, 1.0, 0, 0, 0, 0.5, 0, 0, 0, 0.51, 5.4, 255.0, 0]
[44, 0, 0, 0, 395.0, 60.0, 65.0, 70.0, 85.0, 75.0, 40.0, 1.0, 0, 0, 0, 0.5, 0, 0, 0, 0.79, 8.6, 120.0, 0]
[45, 0, 0, 0, 490.0, 75.0, 80.0, 85.0, 110.0, 90.0, 50.0, 1.0, 0, 0, 0, 0.5, 0, 0, 0, 1.19, 18.6, 45.0, 0]
[46, 0, 0, 0, 285.0, 35.0, 70.0, 55.0, 45.0, 55.0, 25.0, 1.0, 0, 0, 0, 0.5, 0, 0, 0, 0.3, 5.4, 190.0, 0]
[47, 0, 0, 0, 405.0, 60.0, 95.0, 80.0, 60.0, 80.0, 30.0, 1.0, 0, 0, 0, 0.5, 0, 0, 0, 0.99, 29.5, 75.0, 0]
[48, 0, 0, 0, 305.0, 60.0, 55.0, 50.0, 40.0, 55.0, 45.0, 1.0, 0, 0, 0, 0.5, 0, 0, 0, 0.99, 30.0, 190.0, 0]
[49, 0, 0, 0, 450.0, 70.0, 65.0, 60.0, 90.0, 75.0, 90.0, 1.0, 0, 0, 0, 0.5, 0, 0, 0, 1.5, 12.5, 75.0, 0]
[50, 0, 0, 0, 265.0, 10.0, 55.0, 25.0, 35.0, 45.0, 95.0, 1.0, 0, 0, 0, 0.5, 0, 0, 0, 0.2, 0.8, 255.0, 0]
[51, 0, 0, 0, 405.0, 35.0, 80.0, 50.0, 50.0, 70.0, 120.0, 1.0, 0, 0, 0, 0.5, 0, 0, 0, 0.71, 33.3, 50.0, 0]
[52, 0, 0, 0, 290.0, 40.0, 45.0, 35.0, 40.0, 40.0, 90.0, 1.0, 0, 0, 0, 0.5, 0, 0, 0, 0.41, 4.2, 255.0, 0]
[53, 0, 0, 0, 440.0, 65.0, 70.0, 60.0, 65.0, 65.0, 115.0, 1.0, 0, 0, 0, 0.5, 0, 0, 0, 0.99, 32.0, 90.0, 0]
[54, 0, 0, 0, 320.0, 50.0, 52.0, 48.0, 65.0, 50.0, 55.0, 1.0, 0, 0, 0, 0.5, 0, 0, 0, 0.79, 19.6, 190.0, 0]
[55, 0, 0, 0, 500.0, 80.0, 82.0, 78.0, 95.0, 80.0, 85.0, 1.0, 0, 0, 0, 0.5, 0, 0, 0, 1.7, 76.6, 75.0, 0]
[56, 0, 0, 0, 305.0, 40.0, 80.0, 35.0, 35.0, 45.0, 70.0, 1.0, 0, 0, 0, 0.5, 0, 0, 0, 0.51, 28.0, 190.0, 0]
[57, 0, 0, 0, 455.0, 65.0, 105.0, 60.0, 60.0, 70.0, 95.0, 1.0, 0, 0, 0, 0.5, 0, 0, 0, 0.99, 32.0, 75.0, 0]
[58, 0, 0, 0, 350.0, 55.0, 70.0, 45.0, 70.0, 50.0, 60.0, 1.0, 0, 0, 0, 0.75, 0, 0, 0, 0.71, 19.0, 190.0, 0]
[59, 0, 0, 0, 555.0, 90.0, 110.0, 80.0, 100.0, 80.0, 95.0, 1.0, 0, 0, 0, 0.75, 0, 0, 0, 1.91, 155.0, 75.0, 0]
[60, 0, 0, 0, 300.0, 40.0, 50.0, 40.0, 40.0, 40.0, 90.0, 1.0, 0, 0, 0, 0.5, 0, 0, 0, 0.61, 12.4, 255.0, 0]
[61, 0, 0, 0, 385.0, 65.0, 65.0, 65.0, 50.0, 50.0, 90.0, 1.0, 0, 0, 0, 0.5, 0, 0, 0, 0.99, 20.0, 120.0, 0]
[62, 0, 0, 0, 510.0, 90.0, 95.0, 95.0, 70.0, 90.0, 70.0, 1.0, 0, 0, 0, 0.5, 0, 0, 0, 1.3, 54.0, 45.0, 0]
[63, 0, 0, 0, 310.0, 25.0, 20.0, 15.0, 105.0, 55.0, 90.0, 1.0, 0, 0, 0, 0.75, 0, 0, 0, 0.89, 19.5, 200.0, 0]
[64, 0, 0, 0, 400.0, 40.0, 35.0, 30.0, 120.0, 70.0, 105.0, 1.0, 0, 0, 0, 0.75, 0, 0, 0, 1.3, 56.5, 100.0, 0]
[65, 0, 0, 0, 500.0, 55.0, 50.0, 45.0, 135.0, 95.0, 120.0, 1.0, 0, 0, 0, 0.75, 0, 0, 0, 1.5, 48.0, 50.0, 0]
[66, 0, 0, 0, 305.0, 70.0, 80.0, 50.0, 35.0, 35.0, 35.0, 1.0, 0, 0, 0, 0.75, 0, 0, 0, 0.79, 19.5, 180.0, 0]
[67, 0, 0, 0, 405.0, 80.0, 100.0, 70.0, 50.0, 60.0, 45.0, 1.0, 0, 0, 0, 0.75, 0, 0, 0, 1.5, 70.5, 90.0, 0]
[68, 0, 0, 0, 505.0, 90.0, 130.0, 80.0, 65.0, 85.0, 55.0, 1.0, 0, 0, 0, 0.75, 0, 0, 0, 1.6, 130.0, 45.0, 0]
[69, 0, 0, 0, 300.0, 50.0, 75.0, 35.0, 70.0, 30.0, 40.0, 1.0, 0, 0, 0, 0.5, 0, 0, 0, 0.71, 4.0, 255.0, 0]
[70, 0, 0, 0, 390.0, 65.0, 90.0, 50.0, 85.0, 45.0, 55.0, 1.0, 0, 0, 0, 0.5, 0, 0, 0, 0.99, 6.4, 120.0, 0]
[71, 0, 0, 0, 490.0, 80.0, 105.0, 65.0, 100.0, 70.0, 70.0, 1.0, 0, 0, 0, 0.5, 0, 0, 0, 1.7, 15.5, 45.0, 0]
[72, 0, 0, 0, 335.0, 40.0, 40.0, 35.0, 50.0, 100.0, 70.0, 1.0, 0, 0, 0, 0.5, 0, 0, 0, 0.89, 45.5, 190.0, 0]
[73, 0, 0, 0, 515.0, 80.0, 70.0, 65.0, 80.0, 120.0, 100.0, 1.0, 0, 0, 0, 0.5, 0, 0, 0, 1.6, 55.0, 60.0, 0]
[74, 0, 0, 0, 300.0, 40.0, 80.0, 100.0, 30.0, 30.0, 20.0, 1.0, 0, 0, 0, 0.5, 0, 0, 0, 0.41, 20.0, 255.0, 0]
[75, 0, 0, 0, 390.0, 55.0, 95.0, 115.0, 45.0, 45.0, 35.0, 1.0, 0, 0, 0, 0.5, 0, 0, 0, 0.99, 105.0, 120.0, 0]
[76, 0, 0, 0, 495.0, 80.0, 120.0, 130.0, 55.0, 65.0, 45.0, 1.0, 0, 0, 0, 0.5, 0, 0, 0, 1.4, 300.0, 45.0, 0]
[77, 0, 0, 0, 410.0, 50.0, 85.0, 55.0, 65.0, 65.0, 90.0, 1.0, 0, 0, 0, 0.5, 0, 0, 0, 0.99, 30.0, 190.0, 0]
[78, 0, 0, 0, 500.0, 65.0, 100.0, 70.0, 80.0, 80.0, 105.0, 1.0, 0, 0, 0, 0.5, 0, 0, 0, 1.7, 95.0, 60.0, 0]
[79, 0, 0, 0, 315.0, 90.0, 65.0, 65.0, 40.0, 40.0, 15.0, 1.0, 0, 0, 0, 0.5, 0, 0, 0, 1.19, 36.0, 190.0, 0]
[80, 0, 0, 0, 490.0, 95.0, 75.0, 110.0, 100.0, 80.0, 30.0, 1.0, 0, 0, 0, 0.5, 0, 0, 0, 1.6, 78.5, 75.0, 0]
[81, 0, 0, 0, 325.0, 25.0, 35.0, 70.0, 95.0, 55.0, 45.0, 1.0, 0, 0, 0, 0.0, 0, 0, 0, 0.3, 6.0, 190.0, 0]
[82, 0, 0, 0, 465.0, 50.0, 60.0, 95.0, 120.0, 70.0, 70.0, 1.0, 0, 0, 0, 0.0, 0, 0, 0, 0.99, 60.0, 60.0, 0]
[83, 0, 0, 0, 352.0, 52.0, 65.0, 55.0, 58.0, 62.0, 60.0, 1.0, 0, 0, 0, 0.5, 0, 0, 0, 0.79, 15.0, 45.0, 0]
[84, 0, 0, 0, 310.0, 35.0, 85.0, 45.0, 35.0, 35.0, 75.0, 1.0, 0, 0, 0, 0.5, 0, 0, 0, 1.4, 39.2, 190.0, 0]
[85, 0, 0, 0, 460.0, 60.0, 110.0, 70.0, 60.0, 60.0, 100.0, 1.0, 0, 0, 0, 0.5, 0, 0, 0, 1.8, 85.2, 45.0, 0]
[86, 0, 0, 0, 325.0, 65.0, 45.0, 55.0, 45.0, 70.0, 45.0, 1.0, 0, 0, 0, 0.5, 0, 0, 0, 1.09, 90.0, 190.0, 0]
[87, 0, 0, 0, 475.0, 90.0, 70.0, 80.0, 70.0, 95.0, 70.0, 1.0, 0, 0, 0, 0.5, 0, 0, 0, 1.7, 120.0, 75.0, 0]
[88, 0, 0, 0, 325.0, 80.0, 80.0, 50.0, 40.0, 50.0, 25.0, 1.0, 0, 0, 0, 0.5, 0, 0, 0, 0.89, 30.0, 190.0, 0]
[89, 0, 0, 0, 500.0, 105.0, 105.0, 75.0, 65.0, 100.0, 50.0, 1.0, 0, 0, 0, 0.5, 0, 0, 0, 1.19, 30.0, 75.0, 0]
[90, 0, 0, 0, 305.0, 30.0, 65.0, 100.0, 45.0, 25.0, 40.0, 1.0, 0, 0, 0, 0.5, 0, 0, 0, 0.3, 4.0, 190.0, 0]
[91, 0, 0, 0, 525.0, 50.0, 95.0, 180.0, 85.0, 45.0, 70.0, 1.0, 0, 0, 0, 0.5, 0, 0, 0, 1.5, 132.5, 60.0, 0]
[92, 0, 0, 0, 310.0, 30.0, 35.0, 30.0, 100.0, 35.0, 80.0, 1.0, 0, 0, 0, 0.5, 0, 0, 0, 1.3, 0.1, 190.0, 0]
[93, 0, 0, 0, 405.0, 45.0, 50.0, 45.0, 115.0, 55.0, 95.0, 1.0, 0, 0, 0, 0.5, 0, 0, 0, 1.6, 0.1, 90.0, 0]
[94, 0, 0, 0, 500.0, 60.0, 65.0, 60.0, 130.0, 75.0, 110.0, 1.0, 0, 0, 0, 0.5, 0, 0, 0, 1.5, 40.5, 45.0, 0]
[95, 0, 0, 0, 385.0, 35.0, 45.0, 160.0, 30.0, 45.0, 70.0, 1.0, 0, 0, 0, 0.5, 0, 0, 0, 8.79, 210.0, 45.0, 0]
[96, 0, 0, 0, 328.0, 60.0, 48.0, 45.0, 43.0, 90.0, 42.0, 1.0, 0, 0, 0, 0.5, 0, 0, 0, 0.99, 32.4, 190.0, 0]
[97, 0, 0, 0, 483.0, 85.0, 73.0, 70.0, 73.0, 115.0, 67.0, 1.0, 0, 0, 0, 0.5, 0, 0, 0, 1.6, 75.6, 75.0, 0]
[98, 0, 0, 0, 325.0, 30.0, 105.0, 90.0, 25.0, 25.0, 50.0, 1.0, 0, 0, 0, 0.5, 0, 0, 0, 0.41, 6.5, 225.0, 0]
[99, 0, 0, 0, 475.0, 55.0, 130.0, 115.0, 50.0, 50.0, 75.0, 1.0, 0, 0, 0, 0.5, 0, 0, 0, 1.3, 60.0, 60.0, 0]
[100, 0, 0, 0, 330.0, 40.0, 30.0, 50.0, 55.0, 55.0, 100.0, 1.0, 0, 0, 0, 0.0, 0, 0, 0, 0.51, 10.4, 190.0, 0]
[101, 0, 0, 0, 480.0, 60.0, 50.0, 70.0, 80.0, 80.0, 140.0, 1.0, 0, 0, 0, 0.0, 0, 0, 0, 1.19, 66.6, 60.0, 0]
[102, 0, 0, 0, 325.0, 60.0, 40.0, 80.0, 60.0, 45.0, 40.0, 1.0, 0, 0, 0, 0.5, 0, 0, 0, 0.41, 2.5, 90.0, 0]
[103, 0, 0, 0, 520.0, 95.0, 95.0, 85.0, 125.0, 65.0, 55.0, 1.0, 0, 0, 0, 0.5, 0, 0, 0, 2.01, 120.0, 45.0, 0]
[104, 0, 0, 0, 320.0, 50.0, 50.0, 95.0, 40.0, 50.0, 35.0, 1.0, 0, 0, 0, 0.5, 0, 0, 0, 0.41, 6.5, 190.0, 0]
[105, 0, 0, 0, 425.0, 60.0, 80.0, 110.0, 50.0, 80.0, 45.0, 1.0, 0, 0, 0, 0.5, 0, 0, 0, 0.99, 45.0, 75.0, 0]
[106, 0, 0, 0, 455.0, 50.0, 120.0, 53.0, 35.0, 110.0, 87.0, 1.0, 0, 0, 0, 1.0, 0, 0, 0, 1.5, 49.8, 45.0, 0]
[107, 0, 0, 0, 455.0, 50.0, 105.0, 79.0, 35.0, 110.0, 76.0, 1.0, 0, 0, 0, 1.0, 0, 0, 0, 1.4, 50.2, 45.0, 0]
[108, 0, 0, 0, 385.0, 90.0, 55.0, 75.0, 60.0, 75.0, 30.0, 1.0, 0, 0, 0, 0.5, 0, 0, 0, 1.19, 65.5, 45.0, 0]
[109, 0, 0, 0, 340.0, 40.0, 65.0, 95.0, 60.0, 45.0, 35.0, 1.0, 0, 0, 0, 0.5, 0, 0, 0, 0.61, 1.0, 190.0, 0]
[110, 0, 0, 0, 490.0, 65.0, 90.0, 120.0, 85.0, 70.0, 60.0, 1.0, 0, 0, 0, 0.5, 0, 0, 0, 1.19, 9.5, 60.0, 0]
[111, 0, 0, 0, 345.0, 80.0, 85.0, 95.0, 30.0, 30.0, 25.0, 1.0, 0, 0, 0, 0.5, 0, 0, 0, 0.99, 115.0, 120.0, 0]
[112, 0, 0, 0, 485.0, 105.0, 130.0, 120.0, 45.0, 45.0, 40.0, 1.0, 0, 0, 0, 0.5, 0, 0, 0, 1.91, 120.0, 60.0, 0]
[113, 0, 0, 0, 450.0, 250.0, 5.0, 5.0, 35.0, 105.0, 50.0, 1.0, 0, 0, 0, 0.0, 0, 0, 0, 1.09, 34.6, 30.0, 0]
[114, 0, 0, 0, 435.0, 65.0, 55.0, 115.0, 100.0, 40.0, 60.0, 1.0, 0, 0, 0, 0.5, 0, 0, 0, 0.99, 35.0, 45.0, 0]
[115, 0, 0, 0, 490.0, 105.0, 95.0, 80.0, 40.0, 80.0, 90.0, 1.0, 0, 0, 0, 0.0, 0, 0, 0, 2.21, 80.0, 45.0, 0]
[116, 0, 0, 0, 295.0, 30.0, 40.0, 70.0, 70.0, 25.0, 60.0, 1.0, 0, 0, 0, 0.5, 0, 0, 0, 0.41, 8.0, 225.0, 0]
[117, 0, 0, 0, 440.0, 55.0, 65.0, 95.0, 95.0, 45.0, 85.0, 1.0, 0, 0, 0, 0.5, 0, 0, 0, 1.19, 25.0, 75.0, 0]
[118, 0, 0, 0, 320.0, 45.0, 67.0, 60.0, 35.0, 50.0, 63.0, 1.0, 0, 0, 0, 0.5, 0, 0, 0, 0.61, 15.0, 225.0, 0]
[119, 0, 0, 0, 450.0, 80.0, 92.0, 65.0, 65.0, 80.0, 68.0, 1.0, 0, 0, 0, 0.5, 0, 0, 0, 1.3, 39.0, 60.0, 0]
[120, 0, 0, 0, 340.0, 30.0, 45.0, 55.0, 70.0, 55.0, 85.0, 1.0, 0, 0, 0, 0.0, 0, 0, 0, 0.79, 34.5, 225.0, 0]
[121, 0, 0, 0, 520.0, 60.0, 75.0, 85.0, 100.0, 85.0, 115.0, 1.0, 0, 0, 0, 0.0, 0, 0, 0, 1.09, 80.0, 60.0, 0]
[122, 0, 0, 0, 460.0, 40.0, 45.0, 65.0, 100.0, 120.0, 90.0, 1.0, 0, 0, 0, 0.5, 0, 0, 0, 1.3, 54.5, 45.0, 0]
[123, 0, 0, 0, 500.0, 70.0, 110.0, 80.0, 55.0, 80.0, 105.0, 1.0, 0, 0, 0, 0.5, 0, 0, 0, 1.5, 56.0, 45.0, 0]
[124, 0, 0, 0, 455.0, 65.0, 50.0, 35.0, 115.0, 95.0, 95.0, 1.0, 0, 0, 0, 0.0, 0, 0, 0, 1.4, 40.6, 45.0, 0]
[125, 0, 0, 0, 490.0, 65.0, 83.0, 57.0, 95.0, 85.0, 105.0, 1.0, 0, 0, 0, 0.75, 0, 0, 0, 1.09, 30.0, 45.0, 0]
[126, 0, 0, 0, 495.0, 65.0, 95.0, 57.0, 100.0, 85.0, 93.0, 1.0, 0, 0, 0, 0.75, 0, 0, 0, 1.3, 44.5, 45.0, 0]
[127, 0, 0, 0, 500.0, 65.0, 125.0, 100.0, 55.0, 70.0, 85.0, 1.0, 0, 0, 0, 0.5, 0, 0, 0, 1.5, 55.0, 45.0, 0]
[128, 0, 0, 0, 490.0, 75.0, 100.0, 95.0, 40.0, 70.0, 110.0, 1.0, 0, 0, 0, 1.0, 0, 0, 0, 1.4, 88.4, 45.0, 0]
[129, 0, 0, 0, 200.0, 20.0, 10.0, 55.0, 15.0, 20.0, 80.0, 1.0, 0, 0, 0, 0.5, 0, 0, 0, 0.89, 10.0, 255.0, 0]
[130, 0, 0, 0, 540.0, 95.0, 125.0, 79.0, 60.0, 100.0, 81.0, 1.0, 0, 0, 0, 0.5, 0, 0, 0, 6.5, 235.0, 45.0, 0]
[131, 0, 0, 0, 535.0, 130.0, 85.0, 80.0, 85.0, 95.0, 60.0, 1.0, 0, 0, 0, 0.5, 0, 0, 0, 2.49, 220.0, 45.0, 0]
[132, 0, 0, 0, 288.0, 48.0, 48.0, 48.0, 48.0, 48.0, 48.0, 1.0, 0, 0, 0, 0.0, 0, 0, 0, 0.3, 4.0, 35.0, 0]
[133, 0, 0, 0, 325.0, 55.0, 55.0, 50.0, 45.0, 65.0, 55.0, 1.0, 0, 0, 0, 0.88, 0, 0, 0, 0.3, 6.5, 45.0, 0]
[134, 0, 0, 0, 525.0, 130.0, 65.0, 60.0, 110.0, 95.0, 65.0, 1.0, 0, 0, 0, 0.88, 0, 0, 0, 0.99, 29.0, 45.0, 0]
[135, 0, 0, 0, 525.0, 65.0, 65.0, 60.0, 110.0, 95.0, 130.0, 1.0, 0, 0, 0, 0.88, 0, 0, 0, 0.79, 24.5, 45.0, 0]
[136, 0, 0, 0, 525.0, 65.0, 130.0, 60.0, 95.0, 110.0, 65.0, 1.0, 0, 0, 0, 0.88, 0, 0, 0, 0.89, 25.0, 45.0, 0]
[137, 0, 0, 0, 395.0, 65.0, 60.0, 70.0, 85.0, 75.0, 40.0, 1.0, 0, 0, 0, 0.0, 0, 0, 0, 0.79, 36.5, 45.0, 0]
[138, 0, 0, 0, 355.0, 35.0, 40.0, 100.0, 90.0, 55.0, 35.0, 1.0, 0, 0, 0, 0.88, 0, 0, 0, 0.41, 7.5, 45.0, 0]
[139, 0, 0, 0, 495.0, 70.0, 60.0, 125.0, 115.0, 70.0, 55.0, 1.0, 0, 0, 0, 0.88, 0, 0, 0, 0.99, 35.0, 45.0, 0]
[140, 0, 0, 0, 355.0, 30.0, 80.0, 90.0, 55.0, 45.0, 55.0, 1.0, 0, 0, 0, 0.88, 0, 0, 0, 0.51, 11.5, 45.0, 0]
[141, 0, 0, 0, 495.0, 60.0, 115.0, 105.0, 65.0, 70.0, 80.0, 1.0, 0, 0, 0, 0.88, 0, 0, 0, 1.3, 40.5, 45.0, 0]
[142, 0, 0, 0, 515.0, 80.0, 105.0, 65.0, 60.0, 75.0, 130.0, 1.0, 0, 0, 0, 0.88, 0, 0, 0, 1.8, 59.0, 45.0, 0]
[143, 0, 0, 0, 540.0, 160.0, 110.0, 65.0, 65.0, 110.0, 30.0, 1.0, 0, 0, 0, 0.88, 0, 0, 0, 2.11, 460.0, 25.0, 0]
[144, 0, 0, 0, 580.0, 90.0, 85.0, 100.0, 95.0, 125.0, 85.0, 1.0, 0, 0, 0, 0.0, 0, 0, 0, 1.7, 55.4, 3.0, 0]
[145, 0, 0, 0, 580.0, 90.0, 90.0, 85.0, 125.0, 90.0, 100.0, 1.0, 0, 0, 0, 0.0, 0, 0, 0, 1.6, 52.6, 3.0, 0]
[146, 0, 0, 0, 580.0, 90.0, 100.0, 90.0, 125.0, 85.0, 90.0, 1.0, 0, 0, 0, 0.0, 0, 0, 0, 2.01, 60.0, 3.0, 0]
[147, 0, 0, 0, 300.0, 41.0, 64.0, 45.0, 50.0, 50.0, 50.0, 1.0, 0, 0, 0, 0.5, 0, 0, 0, 1.8, 3.3, 45.0, 0]
[148, 0, 0, 0, 420.0, 61.0, 84.0, 65.0, 70.0, 70.0, 70.0, 1.0, 0, 0, 0, 0.5, 0, 0, 0, 3.99, 16.5, 45.0, 0]
[149, 0, 0, 0, 600.0, 91.0, 134.0, 95.0, 100.0, 100.0, 80.0, 1.0, 0, 0, 0, 0.5, 0, 0, 0, 2.21, 210.0, 45.0, 0]
[150, 0, 0, 0, 680.0, 106.0, 110.0, 90.0, 154.0, 90.0, 130.0, 1.0, 0, 0, 0, 0.0, 0, 0, 0, 2.01, 122.0, 3.0, 0]
[151, 0, 0, 0, 600.0, 100.0, 100.0, 100.0, 100.0, 100.0, 100.0, 1.0, 0, 0, 0, 0.0, 0, 0, 0, 0.41, 4.0, 45.0, 0]
[152, 0, 0, 0, 318.0, 45.0, 49.0, 65.0, 49.0, 65.0, 45.0, 2.0, 0, 0, 0, 0.88, 0, 0, 0, 0.89, 6.4, 45.0, 0]
[153, 0, 0, 0, 405.0, 60.0, 62.0, 80.0, 63.0, 80.0, 60.0, 2.0, 0, 0, 0, 0.88, 0, 0, 0, 1.19, 15.8, 45.0, 0]
[154, 0, 0, 0, 525.0, 80.0, 82.0, 100.0, 83.0, 100.0, 80.0, 2.0, 0, 0, 0, 0.88, 0, 0, 0, 1.8, 100.5, 45.0, 0]
[155, 0, 0, 0, 309.0, 39.0, 52.0, 43.0, 60.0, 50.0, 65.0, 2.0, 0, 0, 0, 0.88, 0, 0, 0, 0.51, 7.9, 45.0, 0]
[156, 0, 0, 0, 405.0, 58.0, 64.0, 58.0, 80.0, 65.0, 80.0, 2.0, 0, 0, 0, 0.88, 0, 0, 0, 0.89, 19.0, 45.0, 0]
[157, 0, 0, 0, 534.0, 78.0, 84.0, 78.0, 109.0, 85.0, 100.0, 2.0, 0, 0, 0, 0.88, 0, 0, 0, 1.7, 79.5, 45.0, 0]
[158, 0, 0, 0, 314.0, 50.0, 65.0, 64.0, 44.0, 48.0, 43.0, 2.0, 0, 0, 0, 0.88, 0, 0, 0, 0.61, 9.5, 45.0, 0]
[159, 0, 0, 0, 405.0, 65.0, 80.0, 80.0, 59.0, 63.0, 58.0, 2.0, 0, 0, 0, 0.88, 0, 0, 0, 1.09, 25.0, 45.0, 0]
[160, 0, 0, 0, 530.0, 85.0, 105.0, 100.0, 79.0, 83.0, 78.0, 2.0, 0, 0, 0, 0.88, 0, 0, 0, 2.31, 88.8, 45.0, 0]
[161, 0, 0, 0, 215.0, 35.0, 46.0, 34.0, 35.0, 45.0, 20.0, 2.0, 0, 0, 0, 0.5, 0, 0, 0, 0.79, 6.0, 255.0, 0]
[162, 0, 0, 0, 415.0, 85.0, 76.0, 64.0, 45.0, 55.0, 90.0, 2.0, 0, 0, 0, 0.5, 0, 0, 0, 1.8, 32.5, 90.0, 0]
[163, 0, 0, 0, 262.0, 60.0, 30.0, 30.0, 36.0, 56.0, 50.0, 2.0, 0, 0, 0, 0.5, 0, 0, 0, 0.71, 21.2, 255.0, 0]
[164, 0, 0, 0, 442.0, 100.0, 50.0, 50.0, 76.0, 96.0, 70.0, 2.0, 0, 0, 0, 0.5, 0, 0, 0, 1.6, 40.8, 90.0, 0]
[165, 0, 0, 0, 265.0, 40.0, 20.0, 30.0, 40.0, 80.0, 55.0, 2.0, 0, 0, 0, 0.5, 0, 0, 0, 0.99, 10.8, 255.0, 0]
[166, 0, 0, 0, 390.0, 55.0, 35.0, 50.0, 55.0, 110.0, 85.0, 2.0, 0, 0, 0, 0.5, 0, 0, 0, 1.4, 35.6, 90.0, 0]
[167, 0, 0, 0, 250.0, 40.0, 60.0, 40.0, 40.0, 40.0, 30.0, 2.0, 0, 0, 0, 0.5, 0, 0, 0, 0.51, 8.5, 255.0, 0]
[168, 0, 0, 0, 390.0, 70.0, 90.0, 70.0, 60.0, 60.0, 40.0, 2.0, 0, 0, 0, 0.5, 0, 0, 0, 1.09, 33.5, 90.0, 0]
[169, 0, 0, 0, 535.0, 85.0, 90.0, 80.0, 70.0, 80.0, 130.0, 2.0, 0, 0, 0, 0.5, 0, 0, 0, 1.8, 75.0, 90.0, 0]
[170, 0, 0, 0, 330.0, 75.0, 38.0, 38.0, 56.0, 56.0, 67.0, 2.0, 0, 0, 0, 0.5, 0, 0, 0, 0.51, 12.0, 190.0, 0]
[171, 0, 0, 0, 460.0, 125.0, 58.0, 58.0, 76.0, 76.0, 67.0, 2.0, 0, 0, 0, 0.5, 0, 0, 0, 1.19, 22.5, 75.0, 0]
[172, 0, 0, 0, 205.0, 20.0, 40.0, 15.0, 35.0, 35.0, 60.0, 2.0, 0, 0, 0, 0.5, 0, 0, 0, 0.3, 2.0, 190.0, 0]
[173, 0, 0, 0, 218.0, 50.0, 25.0, 28.0, 45.0, 55.0, 15.0, 2.0, 0, 0, 0, 0.25, 0, 0, 0, 0.3, 3.0, 150.0, 0]
[174, 0, 0, 0, 210.0, 90.0, 30.0, 15.0, 40.0, 20.0, 15.0, 2.0, 0, 0, 0, 0.25, 0, 0, 0, 0.3, 1.0, 170.0, 0]
[175, 0, 0, 0, 245.0, 35.0, 20.0, 65.0, 40.0, 65.0, 20.0, 2.0, 0, 0, 0, 0.88, 0, 0, 0, 0.3, 1.5, 190.0, 0]
[176, 0, 0, 0, 405.0, 55.0, 40.0, 85.0, 80.0, 105.0, 40.0, 2.0, 0, 0, 0, 0.88, 0, 0, 0, 0.61, 3.2, 75.0, 0]
[177, 0, 0, 0, 320.0, 40.0, 50.0, 45.0, 70.0, 45.0, 70.0, 2.0, 0, 0, 0, 0.5, 0, 0, 0, 0.2, 2.0, 190.0, 0]
[178, 0, 0, 0, 470.0, 65.0, 75.0, 70.0, 95.0, 70.0, 95.0, 2.0, 0, 0, 0, 0.5, 0, 0, 0, 1.5, 15.0, 75.0, 0]
[179, 0, 0, 0, 280.0, 55.0, 40.0, 40.0, 65.0, 45.0, 35.0, 2.0, 0, 0, 0, 0.5, 0, 0, 0, 0.61, 7.8, 235.0, 0]
[180, 0, 0, 0, 365.0, 70.0, 55.0, 55.0, 80.0, 60.0, 45.0, 2.0, 0, 0, 0, 0.5, 0, 0, 0, 0.79, 13.3, 120.0, 0]
[181, 0, 0, 0, 510.0, 90.0, 75.0, 85.0, 115.0, 90.0, 55.0, 2.0, 0, 0, 0, 0.5, 0, 0, 0, 1.4, 61.5, 45.0, 0]
[182, 0, 0, 0, 490.0, 75.0, 80.0, 95.0, 90.0, 100.0, 50.0, 2.0, 0, 0, 0, 0.5, 0, 0, 0, 0.41, 5.8, 45.0, 0]
[183, 0, 0, 0, 250.0, 70.0, 20.0, 50.0, 20.0, 50.0, 40.0, 2.0, 0, 0, 0, 0.5, 0, 0, 0, 0.41, 8.5, 190.0, 0]
[184, 0, 0, 0, 420.0, 100.0, 50.0, 80.0, 60.0, 80.0, 50.0, 2.0, 0, 0, 0, 0.5, 0, 0, 0, 0.79, 28.5, 75.0, 0]
[185, 0, 0, 0, 410.0, 70.0, 100.0, 115.0, 30.0, 65.0, 30.0, 2.0, 0, 0, 0, 0.5, 0, 0, 0, 1.19, 38.0, 65.0, 0]
[186, 0, 0, 0, 500.0, 90.0, 75.0, 75.0, 90.0, 100.0, 70.0, 2.0, 0, 0, 0, 0.5, 0, 0, 0, 1.09, 33.9, 45.0, 0]
[187, 0, 0, 0, 250.0, 35.0, 35.0, 40.0, 35.0, 55.0, 50.0, 2.0, 0, 0, 0, 0.5, 0, 0, 0, 0.41, 0.5, 255.0, 0]
[188, 0, 0, 0, 340.0, 55.0, 45.0, 50.0, 45.0, 65.0, 80.0, 2.0, 0, 0, 0, 0.5, 0, 0, 0, 0.61, 1.0, 120.0, 0]
[189, 0, 0, 0, 460.0, 75.0, 55.0, 70.0, 55.0, 95.0, 110.0, 2.0, 0, 0, 0, 0.5, 0, 0, 0, 0.79, 3.0, 45.0, 0]
[190, 0, 0, 0, 360.0, 55.0, 70.0, 55.0, 40.0, 55.0, 85.0, 2.0, 0, 0, 0, 0.5, 0, 0, 0, 0.79, 11.5, 45.0, 0]
[191, 0, 0, 0, 180.0, 30.0, 30.0, 30.0, 30.0, 30.0, 30.0, 2.0, 0, 0, 0, 0.5, 0, 0, 0, 0.3, 1.8, 235.0, 0]
[192, 0, 0, 0, 425.0, 75.0, 75.0, 55.0, 105.0, 85.0, 30.0, 2.0, 0, 0, 0, 0.5, 0, 0, 0, 0.79, 8.5, 120.0, 0]
[193, 0, 0, 0, 390.0, 65.0, 65.0, 45.0, 75.0, 45.0, 95.0, 2.0, 0, 0, 0, 0.5, 0, 0, 0, 1.19, 38.0, 75.0, 0]
[194, 0, 0, 0, 210.0, 55.0, 45.0, 45.0, 25.0, 25.0, 15.0, 2.0, 0, 0, 0, 0.5, 0, 0, 0, 0.41, 8.5, 255.0, 0]
[195, 0, 0, 0, 430.0, 95.0, 85.0, 85.0, 65.0, 65.0, 35.0, 2.0, 0, 0, 0, 0.5, 0, 0, 0, 1.4, 75.0, 90.0, 0]
[196, 0, 0, 0, 525.0, 65.0, 65.0, 60.0, 130.0, 95.0, 110.0, 2.0, 0, 0, 0, 0.88, 0, 0, 0, 0.89, 26.5, 45.0, 0]
[197, 0, 0, 0, 525.0, 95.0, 65.0, 110.0, 60.0, 130.0, 65.0, 2.0, 0, 0, 0, 0.88, 0, 0, 0, 0.99, 27.0, 45.0, 0]
[198, 0, 0, 0, 405.0, 60.0, 85.0, 42.0, 85.0, 42.0, 91.0, 2.0, 0, 0, 0, 0.5, 0, 0, 0, 0.51, 2.1, 30.0, 0]
[199, 0, 0, 0, 490.0, 95.0, 75.0, 80.0, 100.0, 110.0, 30.0, 2.0, 0, 0, 0, 0.5, 0, 0, 0, 2.01, 79.5, 70.0, 0]
[200, 0, 0, 0, 435.0, 60.0, 60.0, 60.0, 85.0, 85.0, 85.0, 2.0, 0, 0, 0, 0.5, 0, 0, 0, 0.71, 1.0, 45.0, 0]
[201, 0, 0, 0, 336.0, 48.0, 72.0, 48.0, 72.0, 48.0, 48.0, 2.0, 0, 0, 0, 0.0, 0, 0, 0, 0.51, 5.0, 225.0, 0]
[202, 0, 0, 0, 405.0, 190.0, 33.0, 58.0, 33.0, 58.0, 33.0, 2.0, 0, 0, 0, 0.5, 0, 0, 0, 1.3, 28.5, 45.0, 0]
[203, 0, 0, 0, 455.0, 70.0, 80.0, 65.0, 90.0, 65.0, 85.0, 2.0, 0, 0, 0, 0.5, 0, 0, 0, 1.5, 41.5, 60.0, 0]
[204, 0, 0, 0, 290.0, 50.0, 65.0, 90.0, 35.0, 35.0, 15.0, 2.0, 0, 0, 0, 0.5, 0, 0, 0, 0.61, 7.2, 190.0, 0]
[205, 0, 0, 0, 465.0, 75.0, 90.0, 140.0, 60.0, 60.0, 40.0, 2.0, 0, 0, 0, 0.5, 0, 0, 0, 1.19, 125.8, 75.0, 0]
[206, 0, 0, 0, 415.0, 100.0, 70.0, 70.0, 65.0, 65.0, 45.0, 2.0, 0, 0, 0, 0.5, 0, 0, 0, 1.5, 14.0, 190.0, 0]
[207, 0, 0, 0, 430.0, 65.0, 75.0, 105.0, 35.0, 65.0, 85.0, 2.0, 0, 0, 0, 0.5, 0, 0, 0, 1.09, 64.8, 60.0, 0]
[208, 0, 0, 0, 510.0, 75.0, 85.0, 200.0, 55.0, 65.0, 30.0, 2.0, 0, 0, 0, 0.5, 0, 0, 0, 9.19, 400.0, 25.0, 0]
[209, 0, 0, 0, 300.0, 60.0, 80.0, 50.0, 40.0, 40.0, 30.0, 2.0, 0, 0, 0, 0.25, 0, 0, 0, 0.61, 7.8, 190.0, 0]
[210, 0, 0, 0, 450.0, 90.0, 120.0, 75.0, 60.0, 60.0, 45.0, 2.0, 0, 0, 0, 0.25, 0, 0, 0, 1.4, 48.7, 75.0, 0]
[211, 0, 0, 0, 430.0, 65.0, 95.0, 75.0, 55.0, 55.0, 85.0, 2.0, 0, 0, 0, 0.5, 0, 0, 0, 0.51, 3.9, 45.0, 0]
[212, 0, 0, 0, 500.0, 70.0, 130.0, 100.0, 55.0, 80.0, 65.0, 2.0, 0, 0, 0, 0.5, 0, 0, 0, 1.8, 118.0, 25.0, 0]
[213, 0, 0, 0, 505.0, 20.0, 10.0, 230.0, 10.0, 230.0, 5.0, 2.0, 0, 0, 0, 0.5, 0, 0, 0, 0.61, 20.5, 190.0, 0]
[214, 0, 0, 0, 500.0, 80.0, 125.0, 75.0, 40.0, 95.0, 85.0, 2.0, 0, 0, 0, 0.5, 0, 0, 0, 1.5, 54.0, 45.0, 0]
[215, 0, 0, 0, 430.0, 55.0, 95.0, 55.0, 35.0, 75.0, 115.0, 2.0, 0, 0, 0, 0.5, 0, 0, 0, 0.89, 28.0, 60.0, 0]
[216, 0, 0, 0, 330.0, 60.0, 80.0, 50.0, 50.0, 50.0, 40.0, 2.0, 0, 0, 0, 0.5, 0, 0, 0, 0.61, 8.8, 120.0, 0]
[217, 0, 0, 0, 500.0, 90.0, 130.0, 75.0, 75.0, 75.0, 55.0, 2.0, 0, 0, 0, 0.5, 0, 0, 0, 1.8, 125.8, 60.0, 0]
[218, 0, 0, 0, 250.0, 40.0, 40.0, 40.0, 70.0, 40.0, 20.0, 2.0, 0, 0, 0, 0.5, 0, 0, 0, 0.71, 35.0, 190.0, 0]
[219, 0, 0, 0, 410.0, 50.0, 50.0, 120.0, 80.0, 80.0, 30.0, 2.0, 0, 0, 0, 0.5, 0, 0, 0, 0.79, 55.0, 75.0, 0]
[220, 0, 0, 0, 250.0, 50.0, 50.0, 40.0, 30.0, 30.0, 50.0, 2.0, 0, 0, 0, 0.5, 0, 0, 0, 0.41, 6.5, 225.0, 0]
[221, 0, 0, 0, 450.0, 100.0, 100.0, 80.0, 60.0, 60.0, 50.0, 2.0, 0, 0, 0, 0.5, 0, 0, 0, 1.09, 55.8, 75.0, 0]
[222, 0, 0, 0, 380.0, 55.0, 55.0, 85.0, 65.0, 85.0, 35.0, 2.0, 0, 0, 0, 0.25, 0, 0, 0, 0.61, 5.0, 60.0, 0]
[223, 0, 0, 0, 300.0, 35.0, 65.0, 35.0, 65.0, 35.0, 65.0, 2.0, 0, 0, 0, 0.5, 0, 0, 0, 0.61, 12.0, 190.0, 0]
[224, 0, 0, 0, 480.0, 75.0, 105.0, 75.0, 105.0, 75.0, 45.0, 2.0, 0, 0, 0, 0.5, 0, 0, 0, 0.89, 28.5, 75.0, 0]
[225, 0, 0, 0, 330.0, 45.0, 55.0, 45.0, 65.0, 45.0, 75.0, 2.0, 0, 0, 0, 0.5, 0, 0, 0, 0.89, 16.0, 45.0, 0]
[226, 0, 0, 0, 465.0, 65.0, 40.0, 70.0, 80.0, 140.0, 70.0, 2.0, 0, 0, 0, 0.5, 0, 0, 0, 2.11, 220.0, 25.0, 0]
[227, 0, 0, 0, 465.0, 65.0, 80.0, 140.0, 40.0, 70.0, 70.0, 2.0, 0, 0, 0, 0.5, 0, 0, 0, 1.7, 50.5, 25.0, 0]
[228, 0, 0, 0, 330.0, 45.0, 60.0, 30.0, 80.0, 50.0, 65.0, 2.0, 0, 0, 0, 0.5, 0, 0, 0, 0.61, 10.8, 120.0, 0]
[229, 0, 0, 0, 500.0, 75.0, 90.0, 50.0, 110.0, 80.0, 95.0, 2.0, 0, 0, 0, 0.5, 0, 0, 0, 1.4, 35.0, 45.0, 0]
[230, 0, 0, 0, 540.0, 75.0, 95.0, 95.0, 95.0, 95.0, 85.0, 2.0, 0, 0, 0, 0.5, 0, 0, 0, 1.8, 152.0, 45.0, 0]
[231, 0, 0, 0, 330.0, 90.0, 60.0, 60.0, 40.0, 40.0, 40.0, 2.0, 0, 0, 0, 0.5, 0, 0, 0, 0.51, 33.5, 120.0, 0]
[232, 0, 0, 0, 500.0, 90.0, 120.0, 120.0, 60.0, 60.0, 50.0, 2.0, 0, 0, 0, 0.5, 0, 0, 0, 1.09, 120.0, 60.0, 0]
[233, 0, 0, 0, 515.0, 85.0, 80.0, 90.0, 105.0, 95.0, 60.0, 2.0, 0, 0, 0, 0.0, 0, 0, 0, 0.61, 32.5, 45.0, 0]
[234, 0, 0, 0, 465.0, 73.0, 95.0, 62.0, 85.0, 65.0, 85.0, 2.0, 0, 0, 0, 0.5, 0, 0, 0, 1.4, 71.2, 45.0, 0]
[235, 0, 0, 0, 250.0, 55.0, 20.0, 35.0, 20.0, 45.0, 75.0, 2.0, 0, 0, 0, 0.5, 0, 0, 0, 1.19, 58.0, 45.0, 0]
[236, 0, 0, 0, 210.0, 35.0, 35.0, 35.0, 35.0, 35.0, 35.0, 2.0, 0, 0, 0, 1.0, 0, 0, 0, 0.71, 21.0, 75.0, 0]
[237, 0, 0, 0, 455.0, 50.0, 95.0, 95.0, 35.0, 110.0, 70.0, 2.0, 0, 0, 0, 1.0, 0, 0, 0, 1.4, 48.0, 45.0, 0]
[238, 0, 0, 0, 305.0, 45.0, 30.0, 15.0, 85.0, 65.0, 65.0, 2.0, 0, 0, 0, 0.0, 0, 0, 0, 0.41, 6.0, 45.0, 0]
[239, 0, 0, 0, 360.0, 45.0, 63.0, 37.0, 65.0, 55.0, 95.0, 2.0, 0, 0, 0, 0.75, 0, 0, 0, 0.61, 23.5, 45.0, 0]
[240, 0, 0, 0, 365.0, 45.0, 75.0, 37.0, 70.0, 55.0, 83.0, 2.0, 0, 0, 0, 0.75, 0, 0, 0, 0.71, 21.4, 45.0, 0]
[241, 0, 0, 0, 490.0, 95.0, 80.0, 105.0, 40.0, 70.0, 100.0, 2.0, 0, 0, 0, 0.0, 0, 0, 0, 1.19, 75.5, 45.0, 0]
[242, 0, 0, 0, 540.0, 255.0, 10.0, 10.0, 75.0, 135.0, 55.0, 2.0, 0, 0, 0, 0.0, 0, 0, 0, 1.5, 46.8, 30.0, 0]
[243, 0, 0, 0, 580.0, 90.0, 85.0, 75.0, 115.0, 100.0, 115.0, 2.0, 0, 0, 0, 0.0, 0, 0, 0, 1.91, 178.0, 3.0, 0]
[244, 0, 0, 0, 580.0, 115.0, 115.0, 85.0, 90.0, 75.0, 100.0, 2.0, 0, 0, 0, 0.0, 0, 0, 0, 2.11, 198.0, 3.0, 0]
[245, 0, 0, 0, 580.0, 100.0, 75.0, 115.0, 90.0, 115.0, 85.0, 2.0, 0, 0, 0, 0.0, 0, 0, 0, 2.01, 187.0, 3.0, 0]
[246, 0, 0, 0, 300.0, 50.0, 64.0, 50.0, 45.0, 50.0, 41.0, 2.0, 0, 0, 0, 0.5, 0, 0, 0, 0.61, 72.0, 45.0, 0]
[247, 0, 0, 0, 410.0, 70.0, 84.0, 70.0, 65.0, 70.0, 51.0, 2.0, 0, 0, 0, 0.5, 0, 0, 0, 1.19, 152.0, 45.0, 0]
[248, 0, 0, 0, 600.0, 100.0, 134.0, 110.0, 95.0, 100.0, 61.0, 2.0, 0, 0, 0, 0.5, 0, 0, 0, 2.01, 202.0, 45.0, 0]
[249, 0, 0, 0, 680.0, 106.0, 90.0, 130.0, 90.0, 154.0, 110.0, 2.0, 0, 0, 0, 0.0, 0, 0, 0, 5.21, 216.0, 3.0, 0]
[250, 0, 0, 0, 680.0, 106.0, 130.0, 90.0, 110.0, 154.0, 90.0, 2.0, 0, 0, 0, 0.0, 0, 0, 0, 3.81, 199.0, 3.0, 0]
[251, 0, 0, 0, 600.0, 100.0, 100.0, 100.0, 100.0, 100.0, 100.0, 2.0, 0, 0, 0, 0.0, 0, 0, 0, 0.61, 5.0, 45.0, 0]
[252, 0, 0, 0, 310.0, 40.0, 45.0, 35.0, 65.0, 55.0, 70.0, 3.0, 0, 0, 0, 0.88, 0, 0, 0, 0.51, 5.0, 45.0, 0]
[253, 0, 0, 0, 405.0, 50.0, 65.0, 45.0, 85.0, 65.0, 95.0, 3.0, 0, 0, 0, 0.88, 0, 0, 0, 0.89, 21.6, 45.0, 0]
[254, 0, 0, 0, 530.0, 70.0, 85.0, 65.0, 105.0, 85.0, 120.0, 3.0, 0, 0, 0, 0.88, 0, 0, 0, 1.7, 52.2, 45.0, 0]
[255, 0, 0, 0, 310.0, 45.0, 60.0, 40.0, 70.0, 50.0, 45.0, 3.0, 0, 0, 0, 0.88, 0, 0, 0, 0.41, 2.5, 45.0, 0]
[256, 0, 0, 0, 405.0, 60.0, 85.0, 60.0, 85.0, 60.0, 55.0, 3.0, 0, 0, 0, 0.88, 0, 0, 0, 0.89, 19.5, 45.0, 0]
[257, 0, 0, 0, 530.0, 80.0, 120.0, 70.0, 110.0, 70.0, 80.0, 3.0, 0, 0, 0, 0.88, 0, 0, 0, 1.91, 52.0, 45.0, 0]
[258, 0, 0, 0, 310.0, 50.0, 70.0, 50.0, 50.0, 50.0, 40.0, 3.0, 0, 0, 0, 0.88, 0, 0, 0, 0.41, 7.6, 45.0, 0]
[259, 0, 0, 0, 405.0, 70.0, 85.0, 70.0, 60.0, 70.0, 50.0, 3.0, 0, 0, 0, 0.88, 0, 0, 0, 0.71, 28.0, 45.0, 0]
[260, 0, 0, 0, 535.0, 100.0, 110.0, 90.0, 85.0, 90.0, 60.0, 3.0, 0, 0, 0, 0.88, 0, 0, 0, 1.5, 81.9, 45.0, 0]
[261, 0, 0, 0, 220.0, 35.0, 55.0, 35.0, 30.0, 30.0, 35.0, 3.0, 0, 0, 0, 0.5, 0, 0, 0, 0.51, 13.6, 255.0, 0]
[262, 0, 0, 0, 420.0, 70.0, 90.0, 70.0, 60.0, 60.0, 70.0, 3.0, 0, 0, 0, 0.5, 0, 0, 0, 0.99, 37.0, 127.0, 0]
[263, 0, 0, 0, 240.0, 38.0, 30.0, 41.0, 30.0, 41.0, 60.0, 3.0, 0, 0, 0, 0.5, 0, 0, 0, 0.41, 17.5, 255.0, 0]
[264, 0, 0, 0, 420.0, 78.0, 70.0, 61.0, 50.0, 61.0, 100.0, 3.0, 0, 0, 0, 0.5, 0, 0, 0, 0.51, 32.5, 90.0, 0]
[265, 0, 0, 0, 195.0, 45.0, 45.0, 35.0, 20.0, 30.0, 20.0, 3.0, 0, 0, 0, 0.5, 0, 0, 0, 0.3, 3.6, 255.0, 0]
[266, 0, 0, 0, 205.0, 50.0, 35.0, 55.0, 25.0, 25.0, 15.0, 3.0, 0, 0, 0, 0.5, 0, 0, 0, 0.61, 10.0, 120.0, 0]
[267, 0, 0, 0, 395.0, 60.0, 70.0, 50.0, 100.0, 50.0, 65.0, 3.0, 0, 0, 0, 0.5, 0, 0, 0, 0.99, 28.4, 45.0, 0]
[268, 0, 0, 0, 205.0, 50.0, 35.0, 55.0, 25.0, 25.0, 15.0, 3.0, 0, 0, 0, 0.5, 0, 0, 0, 0.71, 11.5, 120.0, 0]
[269, 0, 0, 0, 385.0, 60.0, 50.0, 70.0, 50.0, 90.0, 65.0, 3.0, 0, 0, 0, 0.5, 0, 0, 0, 1.19, 31.6, 45.0, 0]
[270, 0, 0, 0, 220.0, 40.0, 30.0, 30.0, 40.0, 50.0, 30.0, 3.0, 0, 0, 0, 0.5, 0, 0, 0, 0.51, 2.6, 255.0, 0]
[271, 0, 0, 0, 340.0, 60.0, 50.0, 50.0, 60.0, 70.0, 50.0, 3.0, 0, 0, 0, 0.5, 0, 0, 0, 1.19, 32.5, 120.0, 0]
[272, 0, 0, 0, 480.0, 80.0, 70.0, 70.0, 90.0, 100.0, 70.0, 3.0, 0, 0, 0, 0.5, 0, 0, 0, 1.5, 55.0, 45.0, 0]
[273, 0, 0, 0, 220.0, 40.0, 40.0, 50.0, 30.0, 30.0, 30.0, 3.0, 0, 0, 0, 0.5, 0, 0, 0, 0.51, 4.0, 255.0, 0]
[274, 0, 0, 0, 340.0, 70.0, 70.0, 40.0, 60.0, 40.0, 60.0, 3.0, 0, 0, 0, 0.5, 0, 0, 0, 0.99, 28.0, 120.0, 0]
[275, 0, 0, 0, 480.0, 90.0, 100.0, 60.0, 90.0, 60.0, 80.0, 3.0, 0, 0, 0, 0.5, 0, 0, 0, 1.3, 59.6, 45.0, 0]
[276, 0, 0, 0, 270.0, 40.0, 55.0, 30.0, 30.0, 30.0, 85.0, 3.0, 0, 0, 0, 0.5, 0, 0, 0, 0.3, 2.3, 200.0, 0]
[277, 0, 0, 0, 430.0, 60.0, 85.0, 60.0, 50.0, 50.0, 125.0, 3.0, 0, 0, 0, 0.5, 0, 0, 0, 0.71, 19.8, 45.0, 0]
[278, 0, 0, 0, 270.0, 40.0, 30.0, 30.0, 55.0, 30.0, 85.0, 3.0, 0, 0, 0, 0.5, 0, 0, 0, 0.61, 9.5, 190.0, 0]
[279, 0, 0, 0, 430.0, 60.0, 50.0, 100.0, 85.0, 70.0, 65.0, 3.0, 0, 0, 0, 0.5, 0, 0, 0, 1.19, 28.0, 45.0, 0]
[280, 0, 0, 0, 198.0, 28.0, 25.0, 25.0, 45.0, 35.0, 40.0, 3.0, 0, 0, 0, 0.5, 0, 0, 0, 0.41, 6.6, 235.0, 0]
[281, 0, 0, 0, 278.0, 38.0, 35.0, 35.0, 65.0, 55.0, 50.0, 3.0, 0, 0, 0, 0.5, 0, 0, 0, 0.79, 20.2, 120.0, 0]
[282, 0, 0, 0, 518.0, 68.0, 65.0, 65.0, 125.0, 115.0, 80.0, 3.0, 0, 0, 0, 0.5, 0, 0, 0, 1.6, 48.4, 45.0, 0]
[283, 0, 0, 0, 269.0, 40.0, 30.0, 32.0, 50.0, 52.0, 65.0, 3.0, 0, 0, 0, 0.5, 0, 0, 0, 0.51, 1.7, 200.0, 0]
[284, 0, 0, 0, 414.0, 70.0, 60.0, 62.0, 80.0, 82.0, 60.0, 3.0, 0, 0, 0, 0.5, 0, 0, 0, 0.79, 3.6, 75.0, 0]
[285, 0, 0, 0, 295.0, 60.0, 40.0, 60.0, 40.0, 60.0, 35.0, 3.0, 0, 0, 0, 0.5, 0, 0, 0, 0.41, 4.5, 255.0, 0]
[286, 0, 0, 0, 460.0, 60.0, 130.0, 80.0, 60.0, 60.0, 70.0, 3.0, 0, 0, 0, 0.5, 0, 0, 0, 1.19, 39.2, 90.0, 0]
[287, 0, 0, 0, 280.0, 60.0, 60.0, 60.0, 35.0, 35.0, 30.0, 3.0, 0, 0, 0, 0.5, 0, 0, 0, 0.79, 24.0, 255.0, 0]
[288, 0, 0, 0, 440.0, 80.0, 80.0, 80.0, 55.0, 55.0, 90.0, 3.0, 0, 0, 0, 0.5, 0, 0, 0, 1.4, 46.5, 120.0, 0]
[289, 0, 0, 0, 670.0, 150.0, 160.0, 100.0, 95.0, 65.0, 100.0, 3.0, 0, 0, 0, 0.5, 0, 0, 0, 2.01, 130.5, 45.0, 0]
[290, 0, 0, 0, 266.0, 31.0, 45.0, 90.0, 30.0, 30.0, 40.0, 3.0, 0, 0, 0, 0.5, 0, 0, 0, 0.51, 5.5, 255.0, 0]
[291, 0, 0, 0, 456.0, 61.0, 90.0, 45.0, 50.0, 50.0, 160.0, 3.0, 0, 0, 0, 0.5, 0, 0, 0, 0.79, 12.0, 120.0, 0]
[292, 0, 0, 0, 236.0, 1.0, 90.0, 45.0, 30.0, 30.0, 40.0, 3.0, 0, 0, 0, 0.0, 0, 0, 0, 0.79, 1.2, 45.0, 0]
[293, 0, 0, 0, 240.0, 64.0, 51.0, 23.0, 51.0, 23.0, 28.0, 3.0, 0, 0, 0, 0.5, 0, 0, 0, 0.61, 16.3, 190.0, 0]
[294, 0, 0, 0, 360.0, 84.0, 71.0, 43.0, 71.0, 43.0, 48.0, 3.0, 0, 0, 0, 0.5, 0, 0, 0, 0.99, 40.5, 120.0, 0]
[295, 0, 0, 0, 490.0, 104.0, 91.0, 63.0, 91.0, 73.0, 68.0, 3.0, 0, 0, 0, 0.5, 0, 0, 0, 1.5, 84.0, 45.0, 0]
[296, 0, 0, 0, 237.0, 72.0, 60.0, 30.0, 20.0, 30.0, 25.0, 3.0, 0, 0, 0, 0.75, 0, 0, 0, 0.99, 86.4, 180.0, 0]
[297, 0, 0, 0, 474.0, 144.0, 120.0, 60.0, 40.0, 60.0, 50.0, 3.0, 0, 0, 0, 0.75, 0, 0, 0, 2.31, 253.8, 200.0, 0]
[298, 0, 0, 0, 190.0, 50.0, 20.0, 40.0, 20.0, 40.0, 20.0, 3.0, 0, 0, 0, 0.25, 0, 0, 0, 0.2, 2.0, 150.0, 0]
[299, 0, 0, 0, 375.0, 30.0, 45.0, 135.0, 45.0, 90.0, 30.0, 3.0, 0, 0, 0, 0.5, 0, 0, 0, 0.99, 97.0, 255.0, 0]
[300, 0, 0, 0, 260.0, 50.0, 45.0, 45.0, 35.0, 35.0, 50.0, 3.0, 0, 0, 0, 0.25, 0, 0, 0, 0.61, 11.0, 255.0, 0]
[301, 0, 0, 0, 380.0, 70.0, 65.0, 65.0, 55.0, 55.0, 70.0, 3.0, 0, 0, 0, 0.25, 0, 0, 0, 1.09, 32.6, 60.0, 0]
[302, 0, 0, 0, 380.0, 50.0, 75.0, 75.0, 65.0, 65.0, 50.0, 3.0, 0, 0, 0, 0.5, 0, 0, 0, 0.51, 11.0, 45.0, 0]
[303, 0, 0, 0, 380.0, 50.0, 85.0, 85.0, 55.0, 55.0, 50.0, 3.0, 0, 0, 0, 0.5, 0, 0, 0, 0.61, 11.5, 45.0, 0]
[304, 0, 0, 0, 330.0, 50.0, 70.0, 100.0, 40.0, 40.0, 30.0, 3.0, 0, 0, 0, 0.5, 0, 0, 0, 0.41, 60.0, 180.0, 0]
[305, 0, 0, 0, 430.0, 60.0, 90.0, 140.0, 50.0, 50.0, 40.0, 3.0, 0, 0, 0, 0.5, 0, 0, 0, 0.89, 120.0, 90.0, 0]
[306, 0, 0, 0, 530.0, 70.0, 110.0, 180.0, 60.0, 60.0, 50.0, 3.0, 0, 0, 0, 0.5, 0, 0, 0, 2.11, 360.0, 45.0, 0]
[307, 0, 0, 0, 280.0, 30.0, 40.0, 55.0, 40.0, 55.0, 60.0, 3.0, 0, 0, 0, 0.5, 0, 0, 0, 0.61, 11.2, 180.0, 0]
[308, 0, 0, 0, 410.0, 60.0, 60.0, 75.0, 60.0, 75.0, 80.0, 3.0, 0, 0, 0, 0.5, 0, 0, 0, 1.3, 31.5, 90.0, 0]
[309, 0, 0, 0, 295.0, 40.0, 45.0, 40.0, 65.0, 40.0, 65.0, 3.0, 0, 0, 0, 0.5, 0, 0, 0, 0.61, 15.2, 120.0, 0]
[310, 0, 0, 0, 475.0, 70.0, 75.0, 60.0, 105.0, 60.0, 105.0, 3.0, 0, 0, 0, 0.5, 0, 0, 0, 1.5, 40.2, 45.0, 0]
[311, 0, 0, 0, 405.0, 60.0, 50.0, 40.0, 85.0, 75.0, 95.0, 3.0, 0, 0, 0, 0.5, 0, 0, 0, 0.41, 4.2, 200.0, 0]
[312, 0, 0, 0, 405.0, 60.0, 40.0, 50.0, 75.0, 85.0, 95.0, 3.0, 0, 0, 0, 0.5, 0, 0, 0, 0.41, 4.2, 200.0, 0]
[313, 0, 0, 0, 400.0, 65.0, 73.0, 55.0, 47.0, 75.0, 85.0, 3.0, 0, 0, 0, 1.0, 0, 0, 0, 0.71, 17.7, 150.0, 0]
[314, 0, 0, 0, 400.0, 65.0, 47.0, 55.0, 73.0, 75.0, 85.0, 3.0, 0, 0, 0, 0.0, 0, 0, 0, 0.61, 17.7, 150.0, 0]
[315, 0, 0, 0, 400.0, 50.0, 60.0, 45.0, 100.0, 80.0, 65.0, 3.0, 0, 0, 0, 0.5, 0, 0, 0, 0.3, 2.0, 150.0, 0]
[316, 0, 0, 0, 302.0, 70.0, 43.0, 53.0, 43.0, 53.0, 40.0, 3.0, 0, 0, 0, 0.5, 0, 0, 0, 0.41, 10.3, 225.0, 0]
[317, 0, 0, 0, 467.0, 100.0, 73.0, 83.0, 73.0, 83.0, 55.0, 3.0, 0, 0, 0, 0.5, 0, 0, 0, 1.7, 80.0, 75.0, 0]
[318, 0, 0, 0, 305.0, 45.0, 90.0, 20.0, 65.0, 20.0, 65.0, 3.0, 0, 0, 0, 0.5, 0, 0, 0, 0.79, 20.8, 225.0, 0]
[319, 0, 0, 0, 460.0, 70.0, 120.0, 40.0, 95.0, 40.0, 95.0, 3.0, 0, 0, 0, 0.5, 0, 0, 0, 1.8, 88.8, 60.0, 0]
[320, 0, 0, 0, 400.0, 130.0, 70.0, 35.0, 70.0, 35.0, 60.0, 3.0, 0, 0, 0, 0.5, 0, 0, 0, 2.01, 130.0, 125.0, 0]
[321, 0, 0, 0, 500.0, 170.0, 90.0, 45.0, 90.0, 45.0, 60.0, 3.0, 0, 0, 0, 0.5, 0, 0, 0, 14.5, 398.0, 60.0, 0]
[322, 0, 0, 0, 305.0, 60.0, 60.0, 40.0, 65.0, 45.0, 35.0, 3.0, 0, 0, 0, 0.5, 0, 0, 0, 0.71, 24.0, 255.0, 0]
[323, 0, 0, 0, 460.0, 70.0, 100.0, 70.0, 105.0, 75.0, 40.0, 3.0, 0, 0, 0, 0.5, 0, 0, 0, 1.91, 220.0, 150.0, 0]
[324, 0, 0, 0, 470.0, 70.0, 85.0, 140.0, 85.0, 70.0, 20.0, 3.0, 0, 0, 0, 0.5, 0, 0, 0, 0.51, 80.4, 90.0, 0]
[325, 0, 0, 0, 330.0, 60.0, 25.0, 35.0, 70.0, 80.0, 60.0, 3.0, 0, 0, 0, 0.5, 0, 0, 0, 0.71, 30.6, 255.0, 0]
[326, 0, 0, 0, 470.0, 80.0, 45.0, 65.0, 90.0, 110.0, 80.0, 3.0, 0, 0, 0, 0.5, 0, 0, 0, 0.89, 71.5, 60.0, 0]
[327, 0, 0, 0, 360.0, 60.0, 60.0, 60.0, 60.0, 60.0, 60.0, 3.0, 0, 0, 0, 0.5, 0, 0, 0, 1.09, 5.0, 255.0, 0]
[328, 0, 0, 0, 290.0, 45.0, 100.0, 45.0, 45.0, 45.0, 10.0, 3.0, 0, 0, 0, 0.5, 0, 0, 0, 0.71, 15.0, 255.0, 0]
[329, 0, 0, 0, 340.0, 50.0, 70.0, 50.0, 50.0, 50.0, 70.0, 3.0, 0, 0, 0, 0.5, 0, 0, 0, 1.09, 15.3, 120.0, 0]
[330, 0, 0, 0, 520.0, 80.0, 100.0, 80.0, 80.0, 80.0, 100.0, 3.0, 0, 0, 0, 0.5, 0, 0, 0, 2.01, 82.0, 45.0, 0]
[331, 0, 0, 0, 335.0, 50.0, 85.0, 40.0, 85.0, 40.0, 35.0, 3.0, 0, 0, 0, 0.5, 0, 0, 0, 0.41, 51.3, 190.0, 0]
[332, 0, 0, 0, 475.0, 70.0, 115.0, 60.0, 115.0, 60.0, 55.0, 3.0, 0, 0, 0, 0.5, 0, 0, 0, 1.3, 77.4, 60.0, 0]
[333, 0, 0, 0, 310.0, 45.0, 40.0, 60.0, 40.0, 75.0, 50.0, 3.0, 0, 0, 0, 0.5, 0, 0, 0, 0.41, 1.2, 255.0, 0]
[334, 0, 0, 0, 490.0, 75.0, 70.0, 90.0, 70.0, 105.0, 80.0, 3.0, 0, 0, 0, 0.5, 0, 0, 0, 1.09, 20.6, 45.0, 0]
[335, 0, 0, 0, 458.0, 73.0, 115.0, 60.0, 60.0, 60.0, 90.0, 3.0, 0, 0, 0, 0.5, 0, 0, 0, 1.3, 40.3, 90.0, 0]
[336, 0, 0, 0, 458.0, 73.0, 100.0, 60.0, 100.0, 60.0, 65.0, 3.0, 0, 0, 0, 0.5, 0, 0, 0, 2.69, 52.5, 90.0, 0]
[337, 0, 0, 0, 440.0, 70.0, 55.0, 65.0, 95.0, 85.0, 70.0, 3.0, 0, 0, 0, 0.0, 0, 0, 0, 0.99, 168.0, 45.0, 0]
[338, 0, 0, 0, 440.0, 70.0, 95.0, 85.0, 55.0, 65.0, 70.0, 3.0, 0, 0, 0, 0.0, 0, 0, 0, 1.19, 154.0, 45.0, 0]
[339, 0, 0, 0, 288.0, 50.0, 48.0, 43.0, 46.0, 41.0, 60.0, 3.0, 0, 0, 0, 0.5, 0, 0, 0, 0.41, 1.9, 190.0, 0]
[340, 0, 0, 0, 468.0, 110.0, 78.0, 73.0, 76.0, 71.0, 60.0, 3.0, 0, 0, 0, 0.5, 0, 0, 0, 0.89, 23.6, 75.0, 0]
[341, 0, 0, 0, 308.0, 43.0, 80.0, 65.0, 50.0, 35.0, 35.0, 3.0, 0, 0, 0, 0.5, 0, 0, 0, 0.61, 11.5, 205.0, 0]
[342, 0, 0, 0, 468.0, 63.0, 120.0, 85.0, 90.0, 55.0, 55.0, 3.0, 0, 0, 0, 0.5, 0, 0, 0, 1.09, 32.8, 155.0, 0]
[343, 0, 0, 0, 300.0, 40.0, 40.0, 55.0, 40.0, 70.0, 55.0, 3.0, 0, 0, 0, 0.0, 0, 0, 0, 0.51, 21.5, 255.0, 0]
[344, 0, 0, 0, 500.0, 60.0, 70.0, 105.0, 70.0, 120.0, 75.0, 3.0, 0, 0, 0, 0.0, 0, 0, 0, 1.5, 108.0, 90.0, 0]
[345, 0, 0, 0, 355.0, 66.0, 41.0, 77.0, 61.0, 87.0, 23.0, 3.0, 0, 0, 0, 0.88, 0, 0, 0, 0.99, 23.8, 45.0, 0]
[346, 0, 0, 0, 495.0, 86.0, 81.0, 97.0, 81.0, 107.0, 43.0, 3.0, 0, 0, 0, 0.88, 0, 0, 0, 1.5, 60.4, 45.0, 0]
[347, 0, 0, 0, 355.0, 45.0, 95.0, 50.0, 40.0, 50.0, 75.0, 3.0, 0, 0, 0, 0.88, 0, 0, 0, 0.71, 12.5, 45.0, 0]
[348, 0, 0, 0, 495.0, 75.0, 125.0, 100.0, 70.0, 80.0, 45.0, 3.0, 0, 0, 0, 0.88, 0, 0, 0, 1.5, 68.2, 45.0, 0]
[349, 0, 0, 0, 200.0, 20.0, 15.0, 20.0, 10.0, 55.0, 80.0, 3.0, 0, 0, 0, 0.5, 0, 0, 0, 0.61, 7.4, 255.0, 0]
[350, 0, 0, 0, 540.0, 95.0, 60.0, 79.0, 100.0, 125.0, 81.0, 3.0, 0, 0, 0, 0.5, 0, 0, 0, 6.2, 162.0, 60.0, 0]
[351, 0, 0, 0, 420.0, 70.0, 70.0, 70.0, 70.0, 70.0, 70.0, 3.0, 0, 0, 0, 0.5, 0, 0, 0, 0.3, 0.8, 45.0, 0]
[352, 0, 0, 0, 440.0, 60.0, 90.0, 70.0, 60.0, 120.0, 40.0, 3.0, 0, 0, 0, 0.5, 0, 0, 0, 0.99, 22.0, 200.0, 0]
[353, 0, 0, 0, 295.0, 44.0, 75.0, 35.0, 63.0, 33.0, 45.0, 3.0, 0, 0, 0, 0.5, 0, 0, 0, 0.61, 2.3, 225.0, 0]
[354, 0, 0, 0, 455.0, 64.0, 115.0, 65.0, 83.0, 63.0, 65.0, 3.0, 0, 0, 0, 0.5, 0, 0, 0, 1.09, 12.5, 45.0, 0]
[355, 0, 0, 0, 295.0, 20.0, 40.0, 90.0, 30.0, 90.0, 25.0, 3.0, 0, 0, 0, 0.5, 0, 0, 0, 0.79, 15.0, 190.0, 0]
[356, 0, 0, 0, 455.0, 40.0, 70.0, 130.0, 60.0, 130.0, 25.0, 3.0, 0, 0, 0, 0.5, 0, 0, 0, 1.6, 30.6, 90.0, 0]
[357, 0, 0, 0, 460.0, 99.0, 68.0, 83.0, 72.0, 87.0, 51.0, 3.0, 0, 0, 0, 0.5, 0, 0, 0, 2.01, 100.0, 200.0, 0]
[358, 0, 0, 0, 425.0, 65.0, 50.0, 70.0, 95.0, 80.0, 65.0, 3.0, 0, 0, 0, 0.5, 0, 0, 0, 0.61, 1.0, 45.0, 0]
[359, 0, 0, 0, 465.0, 65.0, 130.0, 60.0, 75.0, 60.0, 75.0, 3.0, 0, 0, 0, 0.5, 0, 0, 0, 1.19, 47.0, 30.0, 0]
[360, 0, 0, 0, 260.0, 95.0, 23.0, 48.0, 23.0, 48.0, 23.0, 3.0, 0, 0, 0, 0.5, 0, 0, 0, 0.61, 14.0, 125.0, 0]
[361, 0, 0, 0, 300.0, 50.0, 50.0, 50.0, 50.0, 50.0, 50.0, 3.0, 0, 0, 0, 0.5, 0, 0, 0, 0.71, 16.8, 190.0, 0]
[362, 0, 0, 0, 480.0, 80.0, 80.0, 80.0, 80.0, 80.0, 80.0, 3.0, 0, 0, 0, 0.5, 0, 0, 0, 1.5, 256.5, 75.0, 0]
[363, 0, 0, 0, 290.0, 70.0, 40.0, 50.0, 55.0, 50.0, 25.0, 3.0, 0, 0, 0, 0.5, 0, 0, 0, 0.79, 39.5, 255.0, 0]
[364, 0, 0, 0, 410.0, 90.0, 60.0, 70.0, 75.0, 70.0, 45.0, 3.0, 0, 0, 0, 0.5, 0, 0, 0, 1.09, 87.6, 120.0, 0]
[365, 0, 0, 0, 530.0, 110.0, 80.0, 90.0, 95.0, 90.0, 65.0, 3.0, 0, 0, 0, 0.5, 0, 0, 0, 1.4, 150.6, 45.0, 0]
[366, 0, 0, 0, 345.0, 35.0, 64.0, 85.0, 74.0, 55.0, 32.0, 3.0, 0, 0, 0, 0.5, 0, 0, 0, 0.41, 52.5, 255.0, 0]
[367, 0, 0, 0, 485.0, 55.0, 104.0, 105.0, 94.0, 75.0, 52.0, 3.0, 0, 0, 0, 0.5, 0, 0, 0, 1.7, 27.0, 60.0, 0]
[368, 0, 0, 0, 485.0, 55.0, 84.0, 105.0, 114.0, 75.0, 52.0, 3.0, 0, 0, 0, 0.5, 0, 0, 0, 1.8, 22.6, 60.0, 0]
[369, 0, 0, 0, 485.0, 100.0, 90.0, 130.0, 45.0, 65.0, 55.0, 3.0, 0, 0, 0, 0.88, 0, 0, 0, 0.99, 23.4, 25.0, 0]
[370, 0, 0, 0, 330.0, 43.0, 30.0, 55.0, 40.0, 65.0, 97.0, 3.0, 0, 0, 0, 0.25, 0, 0, 0, 0.61, 8.7, 225.0, 0]
[371, 0, 0, 0, 300.0, 45.0, 75.0, 60.0, 40.0, 30.0, 50.0, 3.0, 0, 0, 0, 0.5, 0, 0, 0, 0.61, 42.1, 45.0, 0]
[372, 0, 0, 0, 420.0, 65.0, 95.0, 100.0, 60.0, 50.0, 50.0, 3.0, 0, 0, 0, 0.5, 0, 0, 0, 1.09, 110.5, 45.0, 0]
[373, 0, 0, 0, 600.0, 95.0, 135.0, 80.0, 110.0, 80.0, 100.0, 3.0, 0, 0, 0, 0.5, 0, 0, 0, 1.5, 102.6, 45.0, 0]
[374, 0, 0, 0, 300.0, 40.0, 55.0, 80.0, 35.0, 60.0, 30.0, 3.0, 0, 0, 0, 0.0, 0, 0, 0, 0.61, 95.2, 3.0, 0]
[375, 0, 0, 0, 420.0, 60.0, 75.0, 100.0, 55.0, 80.0, 50.0, 3.0, 0, 0, 0, 0.0, 0, 0, 0, 1.19, 202.5, 3.0, 0]
[376, 0, 0, 0, 600.0, 80.0, 135.0, 130.0, 95.0, 90.0, 70.0, 3.0, 0, 0, 0, 0.0, 0, 0, 0, 1.6, 550.0, 3.0, 0]
[377, 0, 0, 0, 580.0, 80.0, 100.0, 200.0, 50.0, 100.0, 50.0, 3.0, 0, 0, 0, 0.0, 0, 0, 0, 1.7, 230.0, 3.0, 0]
[378, 0, 0, 0, 580.0, 80.0, 50.0, 100.0, 100.0, 200.0, 50.0, 3.0, 0, 0, 0, 0.0, 0, 0, 0, 1.8, 175.0, 3.0, 0]
[379, 0, 0, 0, 580.0, 80.0, 75.0, 150.0, 75.0, 150.0, 50.0, 3.0, 0, 0, 0, 0.0, 0, 0, 0, 1.91, 205.0, 3.0, 0]
[380, 0, 0, 0, 600.0, 80.0, 80.0, 90.0, 110.0, 130.0, 110.0, 3.0, 0, 0, 0, 0.0, 0, 0, 0, 1.4, 40.0, 3.0, 0]
[381, 0, 0, 0, 600.0, 80.0, 90.0, 80.0, 130.0, 110.0, 110.0, 3.0, 0, 0, 0, 1.0, 0, 0, 0, 2.01, 60.0, 3.0, 0]
[382, 0, 0, 0, 670.0, 100.0, 100.0, 90.0, 150.0, 140.0, 90.0, 3.0, 0, 0, 0, 0.0, 0, 0, 0, 4.5, 352.0, 3.0, 0]
[383, 0, 0, 0, 670.0, 100.0, 150.0, 140.0, 100.0, 90.0, 90.0, 3.0, 0, 0, 0, 0.0, 0, 0, 0, 3.51, 950.0, 3.0, 0]
[384, 0, 0, 0, 680.0, 105.0, 150.0, 90.0, 150.0, 90.0, 95.0, 3.0, 0, 0, 0, 0.0, 0, 0, 0, 7.01, 206.5, 45.0, 0]
[385, 0, 0, 0, 600.0, 100.0, 100.0, 100.0, 100.0, 100.0, 100.0, 3.0, 0, 0, 0, 0.0, 0, 0, 0, 0.3, 1.1, 3.0, 0]
[386, 0, 0, 0, 600.0, 50.0, 150.0, 50.0, 150.0, 50.0, 150.0, 3.0, 0, 0, 0, 0.0, 0, 0, 0, 1.7, 60.8, 3.0, 0]
[387, 0, 0, 0, 318.0, 55.0, 68.0, 64.0, 45.0, 55.0, 31.0, 4.0, 0, 0, 0, 0.88, 0, 0, 0, 0.41, 10.2, 45.0, 0]
[388, 0, 0, 0, 405.0, 75.0, 89.0, 85.0, 55.0, 65.0, 36.0, 4.0, 0, 0, 0, 0.88, 0, 0, 0, 1.09, 97.0, 45.0, 0]
[389, 0, 0, 0, 525.0, 95.0, 109.0, 105.0, 75.0, 85.0, 56.0, 4.0, 0, 0, 0, 0.88, 0, 0, 0, 2.21, 310.0, 45.0, 0]
[390, 0, 0, 0, 309.0, 44.0, 58.0, 44.0, 58.0, 44.0, 61.0, 4.0, 0, 0, 0, 0.88, 0, 0, 0, 0.51, 6.2, 45.0, 0]
[391, 0, 0, 0, 405.0, 64.0, 78.0, 52.0, 78.0, 52.0, 81.0, 4.0, 0, 0, 0, 0.88, 0, 0, 0, 0.89, 22.0, 45.0, 0]
[392, 0, 0, 0, 534.0, 76.0, 104.0, 71.0, 104.0, 71.0, 108.0, 4.0, 0, 0, 0, 0.88, 0, 0, 0, 1.19, 55.0, 45.0, 0]
[393, 0, 0, 0, 314.0, 53.0, 51.0, 53.0, 61.0, 56.0, 40.0, 4.0, 0, 0, 0, 0.88, 0, 0, 0, 0.41, 5.2, 45.0, 0]
[394, 0, 0, 0, 405.0, 64.0, 66.0, 68.0, 81.0, 76.0, 50.0, 4.0, 0, 0, 0, 0.88, 0, 0, 0, 0.79, 23.0, 45.0, 0]
[395, 0, 0, 0, 530.0, 84.0, 86.0, 88.0, 111.0, 101.0, 60.0, 4.0, 0, 0, 0, 0.88, 0, 0, 0, 1.7, 84.5, 45.0, 0]
[396, 0, 0, 0, 245.0, 40.0, 55.0, 30.0, 30.0, 30.0, 60.0, 4.0, 0, 0, 0, 0.5, 0, 0, 0, 0.3, 2.0, 255.0, 0]
[397, 0, 0, 0, 340.0, 55.0, 75.0, 50.0, 40.0, 40.0, 80.0, 4.0, 0, 0, 0, 0.5, 0, 0, 0, 0.61, 15.5, 120.0, 0]
[398, 0, 0, 0, 485.0, 85.0, 120.0, 70.0, 50.0, 60.0, 100.0, 4.0, 0, 0, 0, 0.5, 0, 0, 0, 1.19, 24.9, 45.0, 0]
[399, 0, 0, 0, 250.0, 59.0, 45.0, 40.0, 35.0, 40.0, 31.0, 4.0, 0, 0, 0, 0.5, 0, 0, 0, 0.51, 20.0, 255.0, 0]
[400, 0, 0, 0, 410.0, 79.0, 85.0, 60.0, 55.0, 60.0, 71.0, 4.0, 0, 0, 0, 0.5, 0, 0, 0, 0.99, 31.5, 127.0, 0]
[401, 0, 0, 0, 194.0, 37.0, 25.0, 41.0, 25.0, 41.0, 25.0, 4.0, 0, 0, 0, 0.5, 0, 0, 0, 0.3, 2.2, 255.0, 0]
[402, 0, 0, 0, 384.0, 77.0, 85.0, 51.0, 55.0, 51.0, 65.0, 4.0, 0, 0, 0, 0.5, 0, 0, 0, 0.99, 25.5, 45.0, 0]
[403, 0, 0, 0, 263.0, 45.0, 65.0, 34.0, 40.0, 34.0, 45.0, 4.0, 0, 0, 0, 0.5, 0, 0, 0, 0.51, 9.5, 235.0, 0]
[404, 0, 0, 0, 363.0, 60.0, 85.0, 49.0, 60.0, 49.0, 60.0, 4.0, 0, 0, 0, 0.5, 0, 0, 0, 0.89, 30.5, 120.0, 0]
[405, 0, 0, 0, 523.0, 80.0, 120.0, 79.0, 95.0, 79.0, 70.0, 4.0, 0, 0, 0, 0.5, 0, 0, 0, 1.4, 42.0, 45.0, 0]
[406, 0, 0, 0, 280.0, 40.0, 30.0, 35.0, 50.0, 70.0, 55.0, 4.0, 0, 0, 0, 0.5, 0, 0, 0, 0.2, 1.2, 255.0, 0]
[407, 0, 0, 0, 515.0, 60.0, 70.0, 65.0, 125.0, 105.0, 90.0, 4.0, 0, 0, 0, 0.5, 0, 0, 0, 0.89, 14.5, 75.0, 0]
[408, 0, 0, 0, 350.0, 67.0, 125.0, 40.0, 30.0, 30.0, 58.0, 4.0, 0, 0, 0, 0.88, 0, 0, 0, 0.89, 31.5, 45.0, 0]
[409, 0, 0, 0, 495.0, 97.0, 165.0, 60.0, 65.0, 50.0, 58.0, 4.0, 0, 0, 0, 0.88, 0, 0, 0, 1.6, 102.5, 45.0, 0]
[410, 0, 0, 0, 350.0, 30.0, 42.0, 118.0, 42.0, 88.0, 30.0, 4.0, 0, 0, 0, 0.88, 0, 0, 0, 0.51, 57.0, 45.0, 0]
[411, 0, 0, 0, 495.0, 60.0, 52.0, 168.0, 47.0, 138.0, 30.0, 4.0, 0, 0, 0, 0.88, 0, 0, 0, 1.3, 149.5, 45.0, 0]
[412, 0, 0, 0, 224.0, 40.0, 29.0, 45.0, 29.0, 45.0, 36.0, 4.0, 0, 0, 0, 0.5, 0, 0, 0, 0.2, 3.4, 120.0, 0]
[413, 0, 0, 0, 424.0, 60.0, 59.0, 85.0, 79.0, 105.0, 36.0, 4.0, 0, 0, 0, 0.0, 0, 0, 0, 0.51, 6.5, 45.0, 0]
[414, 0, 0, 0, 424.0, 70.0, 94.0, 50.0, 94.0, 50.0, 66.0, 4.0, 0, 0, 0, 1.0, 0, 0, 0, 0.89, 23.3, 45.0, 0]
[415, 0, 0, 0, 244.0, 30.0, 30.0, 42.0, 30.0, 42.0, 70.0, 4.0, 0, 0, 0, 0.88, 0, 0, 0, 0.3, 5.5, 120.0, 0]
[416, 0, 0, 0, 474.0, 70.0, 80.0, 102.0, 80.0, 102.0, 40.0, 4.0, 0, 0, 0, 0.0, 0, 0, 0, 1.19, 38.5, 45.0, 0]
[417, 0, 0, 0, 405.0, 60.0, 45.0, 70.0, 45.0, 90.0, 95.0, 4.0, 0, 0, 0, 0.5, 0, 0, 0, 0.41, 3.9, 200.0, 0]
[418, 0, 0, 0, 330.0, 55.0, 65.0, 35.0, 60.0, 30.0, 85.0, 4.0, 0, 0, 0, 0.5, 0, 0, 0, 0.71, 29.5, 190.0, 0]
[419, 0, 0, 0, 495.0, 85.0, 105.0, 55.0, 85.0, 50.0, 115.0, 4.0, 0, 0, 0, 0.5, 0, 0, 0, 1.09, 33.5, 75.0, 0]
[420, 0, 0, 0, 275.0, 45.0, 35.0, 45.0, 62.0, 53.0, 35.0, 4.0, 0, 0, 0, 0.5, 0, 0, 0, 0.41, 3.3, 190.0, 0]
[421, 0, 0, 0, 450.0, 70.0, 60.0, 70.0, 87.0, 78.0, 85.0, 4.0, 0, 0, 0, 0.5, 0, 0, 0, 0.51, 9.3, 75.0, 0]
[422, 0, 0, 0, 325.0, 76.0, 48.0, 48.0, 57.0, 62.0, 34.0, 4.0, 0, 0, 0, 0.5, 0, 0, 0, 0.3, 6.3, 190.0, 0]
[423, 0, 0, 0, 475.0, 111.0, 83.0, 68.0, 92.0, 82.0, 39.0, 4.0, 0, 0, 0, 0.5, 0, 0, 0, 0.89, 29.9, 75.0, 0]
[424, 0, 0, 0, 482.0, 75.0, 100.0, 66.0, 60.0, 66.0, 115.0, 4.0, 0, 0, 0, 0.5, 0, 0, 0, 1.19, 20.3, 45.0, 0]
[425, 0, 0, 0, 348.0, 90.0, 50.0, 34.0, 60.0, 44.0, 70.0, 4.0, 0, 0, 0, 0.5, 0, 0, 0, 0.41, 1.2, 125.0, 0]
[426, 0, 0, 0, 498.0, 150.0, 80.0, 44.0, 90.0, 54.0, 80.0, 4.0, 0, 0, 0, 0.5, 0, 0, 0, 1.19, 15.0, 60.0, 0]
[427, 0, 0, 0, 350.0, 55.0, 66.0, 44.0, 44.0, 56.0, 85.0, 4.0, 0, 0, 0, 0.5, 0, 0, 0, 0.41, 5.5, 190.0, 0]
[428, 0, 0, 0, 480.0, 65.0, 76.0, 84.0, 54.0, 96.0, 105.0, 4.0, 0, 0, 0, 0.5, 0, 0, 0, 1.19, 33.3, 60.0, 0]
[429, 0, 0, 0, 495.0, 60.0, 60.0, 60.0, 105.0, 105.0, 105.0, 4.0, 0, 0, 0, 0.5, 0, 0, 0, 0.89, 4.4, 45.0, 0]
[430, 0, 0, 0, 505.0, 100.0, 125.0, 52.0, 105.0, 52.0, 71.0, 4.0, 0, 0, 0, 0.5, 0, 0, 0, 0.89, 27.3, 30.0, 0]
[431, 0, 0, 0, 310.0, 49.0, 55.0, 42.0, 42.0, 37.0, 85.0, 4.0, 0, 0, 0, 0.25, 0, 0, 0, 0.51, 3.9, 190.0, 0]
[432, 0, 0, 0, 452.0, 71.0, 82.0, 64.0, 64.0, 59.0, 112.0, 4.0, 0, 0, 0, 0.25, 0, 0, 0, 0.99, 43.8, 75.0, 0]
[433, 0, 0, 0, 285.0, 45.0, 30.0, 50.0, 65.0, 50.0, 45.0, 4.0, 0, 0, 0, 0.5, 0, 0, 0, 0.2, 0.6, 120.0, 0]
[434, 0, 0, 0, 329.0, 63.0, 63.0, 47.0, 41.0, 41.0, 74.0, 4.0, 0, 0, 0, 0.5, 0, 0, 0, 0.41, 19.2, 225.0, 0]
[435, 0, 0, 0, 479.0, 103.0, 93.0, 67.0, 71.0, 61.0, 84.0, 4.0, 0, 0, 0, 0.5, 0, 0, 0, 0.99, 38.0, 60.0, 0]
[436, 0, 0, 0, 300.0, 57.0, 24.0, 86.0, 24.0, 86.0, 23.0, 4.0, 0, 0, 0, 0.0, 0, 0, 0, 0.51, 60.5, 255.0, 0]
[437, 0, 0, 0, 500.0, 67.0, 89.0, 116.0, 79.0, 116.0, 33.0, 4.0, 0, 0, 0, 0.0, 0, 0, 0, 1.3, 187.0, 90.0, 0]
[438, 0, 0, 0, 290.0, 50.0, 80.0, 95.0, 10.0, 45.0, 10.0, 4.0, 0, 0, 0, 0.5, 0, 0, 0, 0.51, 15.0, 255.0, 0]
[439, 0, 0, 0, 310.0, 20.0, 25.0, 45.0, 70.0, 90.0, 60.0, 4.0, 0, 0, 0, 0.5, 0, 0, 0, 0.61, 13.0, 145.0, 0]
[440, 0, 0, 0, 220.0, 100.0, 5.0, 5.0, 15.0, 65.0, 30.0, 4.0, 0, 0, 0, 0.0, 0, 0, 0, 0.61, 24.4, 130.0, 0]
[441, 0, 0, 0, 411.0, 76.0, 65.0, 45.0, 92.0, 42.0, 91.0, 4.0, 0, 0, 0, 0.5, 0, 0, 0, 0.51, 1.9, 30.0, 0]
[442, 0, 0, 0, 485.0, 50.0, 92.0, 108.0, 92.0, 108.0, 35.0, 4.0, 0, 0, 0, 0.5, 0, 0, 0, 0.99, 108.0, 100.0, 0]
[443, 0, 0, 0, 300.0, 58.0, 70.0, 45.0, 40.0, 45.0, 42.0, 4.0, 0, 0, 0, 0.5, 0, 0, 0, 0.71, 20.5, 45.0, 0]
[444, 0, 0, 0, 410.0, 68.0, 90.0, 65.0, 50.0, 55.0, 82.0, 4.0, 0, 0, 0, 0.5, 0, 0, 0, 1.4, 56.0, 45.0, 0]
[445, 0, 0, 0, 600.0, 108.0, 130.0, 95.0, 80.0, 85.0, 102.0, 4.0, 0, 0, 0, 0.5, 0, 0, 0, 1.91, 95.0, 45.0, 0]
[446, 0, 0, 0, 390.0, 135.0, 85.0, 40.0, 40.0, 85.0, 5.0, 4.0, 0, 0, 0, 0.88, 0, 0, 0, 0.61, 105.0, 50.0, 0]
[447, 0, 0, 0, 285.0, 40.0, 70.0, 40.0, 35.0, 40.0, 60.0, 4.0, 0, 0, 0, 0.88, 0, 0, 0, 0.71, 20.2, 75.0, 0]
[448, 0, 0, 0, 525.0, 70.0, 110.0, 70.0, 115.0, 70.0, 90.0, 4.0, 0, 0, 0, 0.88, 0, 0, 0, 1.19, 54.0, 45.0, 0]
[449, 0, 0, 0, 330.0, 68.0, 72.0, 78.0, 38.0, 42.0, 32.0, 4.0, 0, 0, 0, 0.5, 0, 0, 0, 0.79, 49.5, 140.0, 0]
[450, 0, 0, 0, 525.0, 108.0, 112.0, 118.0, 68.0, 72.0, 47.0, 4.0, 0, 0, 0, 0.5, 0, 0, 0, 2.01, 300.0, 60.0, 0]
[451, 0, 0, 0, 330.0, 40.0, 50.0, 90.0, 30.0, 55.0, 65.0, 4.0, 0, 0, 0, 0.5, 0, 0, 0, 0.79, 12.0, 120.0, 0]
[452, 0, 0, 0, 500.0, 70.0, 90.0, 110.0, 60.0, 75.0, 95.0, 4.0, 0, 0, 0, 0.5, 0, 0, 0, 1.3, 61.5, 45.0, 0]
[453, 0, 0, 0, 300.0, 48.0, 61.0, 40.0, 61.0, 40.0, 50.0, 4.0, 0, 0, 0, 0.5, 0, 0, 0, 0.71, 23.0, 140.0, 0]
[454, 0, 0, 0, 490.0, 83.0, 106.0, 65.0, 86.0, 65.0, 85.0, 4.0, 0, 0, 0, 0.5, 0, 0, 0, 1.3, 44.4, 75.0, 0]
[455, 0, 0, 0, 454.0, 74.0, 100.0, 72.0, 90.0, 72.0, 46.0, 4.0, 0, 0, 0, 0.5, 0, 0, 0, 1.4, 27.0, 200.0, 0]
[456, 0, 0, 0, 330.0, 49.0, 49.0, 56.0, 49.0, 61.0, 66.0, 4.0, 0, 0, 0, 0.5, 0, 0, 0, 0.41, 7.0, 190.0, 0]
[457, 0, 0, 0, 460.0, 69.0, 69.0, 76.0, 69.0, 86.0, 91.0, 4.0, 0, 0, 0, 0.5, 0, 0, 0, 1.19, 24.0, 75.0, 0]
[458, 0, 0, 0, 345.0, 45.0, 20.0, 50.0, 60.0, 120.0, 50.0, 4.0, 0, 0, 0, 0.5, 0, 0, 0, 0.99, 65.0, 25.0, 0]
[459, 0, 0, 0, 334.0, 60.0, 62.0, 50.0, 62.0, 60.0, 40.0, 4.0, 0, 0, 0, 0.5, 0, 0, 0, 0.99, 50.5, 120.0, 0]
[460, 0, 0, 0, 494.0, 90.0, 92.0, 75.0, 92.0, 85.0, 60.0, 4.0, 0, 0, 0, 0.5, 0, 0, 0, 2.21, 135.5, 60.0, 0]
[461, 0, 0, 0, 510.0, 70.0, 120.0, 65.0, 45.0, 85.0, 125.0, 4.0, 0, 0, 0, 0.5, 0, 0, 0, 1.09, 34.0, 45.0, 0]
[462, 0, 0, 0, 535.0, 70.0, 70.0, 115.0, 130.0, 90.0, 60.0, 4.0, 0, 0, 0, 0.0, 0, 0, 0, 1.19, 180.0, 30.0, 0]
[463, 0, 0, 0, 515.0, 110.0, 85.0, 95.0, 80.0, 95.0, 50.0, 4.0, 0, 0, 0, 0.5, 0, 0, 0, 1.7, 140.0, 30.0, 0]
[464, 0, 0, 0, 535.0, 115.0, 140.0, 130.0, 55.0, 55.0, 40.0, 4.0, 0, 0, 0, 0.5, 0, 0, 0, 2.39, 282.8, 30.0, 0]
[465, 0, 0, 0, 535.0, 100.0, 100.0, 125.0, 110.0, 50.0, 50.0, 4.0, 0, 0, 0, 0.5, 0, 0, 0, 2.01, 128.6, 30.0, 0]
[466, 0, 0, 0, 540.0, 75.0, 123.0, 67.0, 95.0, 85.0, 95.0, 4.0, 0, 0, 0, 0.75, 0, 0, 0, 1.8, 138.6, 30.0, 0]
[467, 0, 0, 0, 540.0, 75.0, 95.0, 67.0, 125.0, 95.0, 83.0, 4.0, 0, 0, 0, 0.75, 0, 0, 0, 1.6, 68.0, 30.0, 0]
[468, 0, 0, 0, 545.0, 85.0, 50.0, 95.0, 120.0, 115.0, 80.0, 4.0, 0, 0, 0, 0.88, 0, 0, 0, 1.5, 38.0, 30.0, 0]
[469, 0, 0, 0, 515.0, 86.0, 76.0, 86.0, 116.0, 56.0, 95.0, 4.0, 0, 0, 0, 0.5, 0, 0, 0, 1.91, 51.5, 30.0, 0]
[470, 0, 0, 0, 525.0, 65.0, 110.0, 130.0, 60.0, 65.0, 95.0, 4.0, 0, 0, 0, 0.88, 0, 0, 0, 0.99, 25.5, 45.0, 0]
[471, 0, 0, 0, 525.0, 65.0, 60.0, 110.0, 130.0, 95.0, 65.0, 4.0, 0, 0, 0, 0.88, 0, 0, 0, 0.79, 25.9, 45.0, 0]
[472, 0, 0, 0, 510.0, 75.0, 95.0, 125.0, 45.0, 75.0, 95.0, 4.0, 0, 0, 0, 0.5, 0, 0, 0, 2.01, 42.5, 30.0, 0]
[473, 0, 0, 0, 530.0, 110.0, 130.0, 80.0, 70.0, 60.0, 80.0, 4.0, 0, 0, 0, 0.5, 0, 0, 0, 2.49, 291.0, 50.0, 0]
[474, 0, 0, 0, 535.0, 85.0, 80.0, 70.0, 135.0, 75.0, 90.0, 4.0, 0, 0, 0, 0.0, 0, 0, 0, 0.89, 34.0, 30.0, 0]
[475, 0, 0, 0, 518.0, 68.0, 125.0, 65.0, 65.0, 115.0, 80.0, 4.0, 0, 0, 0, 1.0, 0, 0, 0, 1.6, 52.0, 45.0, 0]
[476, 0, 0, 0, 525.0, 60.0, 55.0, 145.0, 75.0, 150.0, 40.0, 4.0, 0, 0, 0, 0.5, 0, 0, 0, 1.4, 340.0, 60.0, 0]
[477, 0, 0, 0, 525.0, 45.0, 100.0, 135.0, 65.0, 135.0, 45.0, 4.0, 0, 0, 0, 0.5, 0, 0, 0, 2.21, 106.6, 45.0, 0]
[478, 0, 0, 0, 480.0, 70.0, 80.0, 70.0, 80.0, 70.0, 110.0, 4.0, 0, 0, 0, 0.0, 0, 0, 0, 1.3, 26.6, 75.0, 0]
[479, 0, 0, 0, 440.0, 50.0, 50.0, 77.0, 95.0, 77.0, 91.0, 4.0, 0, 0, 0, 0.0, 0, 0, 0, 0.3, 0.3, 45.0, 0]
[480, 0, 0, 0, 580.0, 75.0, 75.0, 130.0, 75.0, 130.0, 95.0, 4.0, 0, 0, 0, 0.0, 0, 0, 0, 0.3, 0.3, 3.0, 0]
[481, 0, 0, 0, 580.0, 80.0, 105.0, 105.0, 105.0, 105.0, 80.0, 4.0, 0, 0, 0, 0.0, 0, 0, 0, 0.3, 0.3, 3.0, 0]
[482, 0, 0, 0, 580.0, 75.0, 125.0, 70.0, 125.0, 70.0, 115.0, 4.0, 0, 0, 0, 0.0, 0, 0, 0, 0.3, 0.3, 3.0, 0]
[483, 0, 0, 0, 680.0, 100.0, 120.0, 120.0, 150.0, 100.0, 90.0, 4.0, 0, 0, 0, 0.0, 0, 0, 0, 5.41, 683.0, 3.0, 0]
[484, 0, 0, 0, 680.0, 90.0, 120.0, 100.0, 150.0, 120.0, 100.0, 4.0, 0, 0, 0, 0.0, 0, 0, 0, 4.19, 336.0, 3.0, 0]
[485, 0, 0, 0, 600.0, 91.0, 90.0, 106.0, 130.0, 106.0, 77.0, 4.0, 0, 0, 0, 0.5, 0, 0, 0, 1.7, 430.0, 3.0, 0]
[486, 0, 0, 0, 670.0, 110.0, 160.0, 110.0, 80.0, 110.0, 100.0, 4.0, 0, 0, 0, 0.0, 0, 0, 0, 3.71, 420.0, 3.0, 0]
[487, 0, 0, 0, 680.0, 150.0, 120.0, 100.0, 120.0, 100.0, 90.0, 4.0, 0, 0, 0, 0.0, 0, 0, 0, 6.91, 650.0, 3.0, 0]
[488, 0, 0, 0, 600.0, 120.0, 70.0, 120.0, 75.0, 130.0, 85.0, 4.0, 0, 0, 0, 0.0, 0, 0, 0, 1.5, 85.6, 3.0, 0]
[489, 0, 0, 0, 480.0, 80.0, 80.0, 80.0, 80.0, 80.0, 80.0, 4.0, 0, 0, 0, 0.0, 0, 0, 0, 0.41, 3.1, 30.0, 0]
[490, 0, 0, 0, 600.0, 100.0, 100.0, 100.0, 100.0, 100.0, 100.0, 4.0, 0, 0, 0, 0.0, 0, 0, 0, 0.3, 1.4, 3.0, 0]
[491, 0, 0, 0, 600.0, 70.0, 90.0, 90.0, 135.0, 90.0, 125.0, 4.0, 0, 0, 0, 0.0, 0, 0, 0, 1.5, 50.5, 3.0, 0]
[492, 0, 0, 0, 600.0, 100.0, 100.0, 100.0, 100.0, 100.0, 100.0, 4.0, 0, 0, 0, 0.0, 0, 0, 0, 0.2, 2.1, 45.0, 0]
[493, 0, 0, 0, 720.0, 120.0, 120.0, 120.0, 120.0, 120.0, 120.0, 4.0, 0, 0, 0, 0.0, 0, 0, 0, 3.2, 320.0, 3.0, 0]
[494, 0, 0, 0, 600.0, 100.0, 100.0, 100.0, 100.0, 100.0, 100.0, 5.0, 0, 0, 0, 0.0, 0, 0, 0, 0.41, 4.0, 3.0, 0]
[495, 0, 0, 0, 308.0, 45.0, 45.0, 55.0, 45.0, 55.0, 63.0, 5.0, 0, 0, 0, 0.88, 0, 0, 0, 0.61, 8.1, 45.0, 0]
[496, 0, 0, 0, 413.0, 60.0, 60.0, 75.0, 60.0, 75.0, 83.0, 5.0, 0, 0, 0, 0.88, 0, 0, 0, 0.79, 16.0, 45.0, 0]
[497, 0, 0, 0, 528.0, 75.0, 75.0, 95.0, 75.0, 95.0, 113.0, 5.0, 0, 0, 0, 0.88, 0, 0, 0, 3.3, 63.0, 45.0, 0]
[498, 0, 0, 0, 308.0, 65.0, 63.0, 45.0, 45.0, 45.0, 45.0, 5.0, 0, 0, 0, 0.88, 0, 0, 0, 0.51, 9.9, 45.0, 0]
[499, 0, 0, 0, 418.0, 90.0, 93.0, 55.0, 70.0, 55.0, 55.0, 5.0, 0, 0, 0, 0.88, 0, 0, 0, 0.99, 55.5, 45.0, 0]
[500, 0, 0, 0, 528.0, 110.0, 123.0, 65.0, 100.0, 65.0, 65.0, 5.0, 0, 0, 0, 0.88, 0, 0, 0, 1.6, 150.0, 45.0, 0]
[501, 0, 0, 0, 308.0, 55.0, 55.0, 45.0, 63.0, 45.0, 45.0, 5.0, 0, 0, 0, 0.88, 0, 0, 0, 0.51, 5.9, 45.0, 0]
[502, 0, 0, 0, 413.0, 75.0, 75.0, 60.0, 83.0, 60.0, 60.0, 5.0, 0, 0, 0, 0.88, 0, 0, 0, 0.79, 24.5, 45.0, 0]
[503, 0, 0, 0, 528.0, 95.0, 100.0, 85.0, 108.0, 70.0, 70.0, 5.0, 0, 0, 0, 0.88, 0, 0, 0, 1.5, 94.6, 45.0, 0]
[504, 0, 0, 0, 255.0, 45.0, 55.0, 39.0, 35.0, 39.0, 42.0, 5.0, 0, 0, 0, 0.5, 0, 0, 0, 0.51, 11.6, 255.0, 0]
[505, 0, 0, 0, 420.0, 60.0, 85.0, 69.0, 60.0, 69.0, 77.0, 5.0, 0, 0, 0, 0.5, 0, 0, 0, 1.09, 27.0, 255.0, 0]
[506, 0, 0, 0, 275.0, 45.0, 60.0, 45.0, 25.0, 45.0, 55.0, 5.0, 0, 0, 0, 0.5, 0, 0, 0, 0.41, 4.1, 255.0, 0]
[507, 0, 0, 0, 370.0, 65.0, 80.0, 65.0, 35.0, 65.0, 60.0, 5.0, 0, 0, 0, 0.5, 0, 0, 0, 0.89, 14.7, 120.0, 0]
[508, 0, 0, 0, 500.0, 85.0, 110.0, 90.0, 45.0, 90.0, 80.0, 5.0, 0, 0, 0, 0.5, 0, 0, 0, 1.19, 61.0, 45.0, 0]
[509, 0, 0, 0, 281.0, 41.0, 50.0, 37.0, 50.0, 37.0, 66.0, 5.0, 0, 0, 0, 0.5, 0, 0, 0, 0.41, 10.1, 255.0, 0]
[510, 0, 0, 0, 446.0, 64.0, 88.0, 50.0, 88.0, 50.0, 106.0, 5.0, 0, 0, 0, 0.5, 0, 0, 0, 1.09, 37.5, 90.0, 0]
[511, 0, 0, 0, 316.0, 50.0, 53.0, 48.0, 53.0, 48.0, 64.0, 5.0, 0, 0, 0, 0.88, 0, 0, 0, 0.61, 10.5, 190.0, 0]
[512, 0, 0, 0, 498.0, 75.0, 98.0, 63.0, 98.0, 63.0, 101.0, 5.0, 0, 0, 0, 0.88, 0, 0, 0, 1.09, 30.5, 75.0, 0]
[513, 0, 0, 0, 316.0, 50.0, 53.0, 48.0, 53.0, 48.0, 64.0, 5.0, 0, 0, 0, 0.88, 0, 0, 0, 0.61, 11.0, 190.0, 0]
[514, 0, 0, 0, 498.0, 75.0, 98.0, 63.0, 98.0, 63.0, 101.0, 5.0, 0, 0, 0, 0.88, 0, 0, 0, 0.99, 28.0, 75.0, 0]
[515, 0, 0, 0, 316.0, 50.0, 53.0, 48.0, 53.0, 48.0, 64.0, 5.0, 0, 0, 0, 0.88, 0, 0, 0, 0.61, 13.5, 190.0, 0]
[516, 0, 0, 0, 498.0, 75.0, 98.0, 63.0, 98.0, 63.0, 101.0, 5.0, 0, 0, 0, 0.88, 0, 0, 0, 0.99, 29.0, 75.0, 0]
[517, 0, 0, 0, 292.0, 76.0, 25.0, 45.0, 67.0, 55.0, 24.0, 5.0, 0, 0, 0, 0.5, 0, 0, 0, 0.61, 23.3, 190.0, 0]
[518, 0, 0, 0, 487.0, 116.0, 55.0, 85.0, 107.0, 95.0, 29.0, 5.0, 0, 0, 0, 0.5, 0, 0, 0, 1.09, 60.5, 75.0, 0]
[519, 0, 0, 0, 264.0, 50.0, 55.0, 50.0, 36.0, 30.0, 43.0, 5.0, 0, 0, 0, 0.5, 0, 0, 0, 0.3, 2.1, 255.0, 0]
[520, 0, 0, 0, 358.0, 62.0, 77.0, 62.0, 50.0, 42.0, 65.0, 5.0, 0, 0, 0, 0.5, 0, 0, 0, 0.61, 15.0, 120.0, 0]
[521, 0, 0, 0, 488.0, 80.0, 115.0, 80.0, 65.0, 55.0, 93.0, 5.0, 0, 0, 0, 0.5, 0, 0, 0, 1.19, 29.0, 45.0, 0]
[522, 0, 0, 0, 295.0, 45.0, 60.0, 32.0, 50.0, 32.0, 76.0, 5.0, 0, 0, 0, 0.5, 0, 0, 0, 0.79, 29.8, 190.0, 0]
[523, 0, 0, 0, 497.0, 75.0, 100.0, 63.0, 80.0, 63.0, 116.0, 5.0, 0, 0, 0, 0.5, 0, 0, 0, 1.6, 79.5, 75.0, 0]
[524, 0, 0, 0, 280.0, 55.0, 75.0, 85.0, 25.0, 25.0, 15.0, 5.0, 0, 0, 0, 0.5, 0, 0, 0, 0.41, 18.0, 255.0, 0]
[525, 0, 0, 0, 390.0, 70.0, 105.0, 105.0, 50.0, 40.0, 20.0, 5.0, 0, 0, 0, 0.5, 0, 0, 0, 0.89, 102.0, 120.0, 0]
[526, 0, 0, 0, 515.0, 85.0, 135.0, 130.0, 60.0, 80.0, 25.0, 5.0, 0, 0, 0, 0.5, 0, 0, 0, 1.7, 260.0, 45.0, 0]
[527, 0, 0, 0, 313.0, 55.0, 45.0, 43.0, 55.0, 43.0, 72.0, 5.0, 0, 0, 0, 0.5, 0, 0, 0, 0.41, 2.1, 190.0, 0]
[528, 0, 0, 0, 425.0, 67.0, 57.0, 55.0, 77.0, 55.0, 114.0, 5.0, 0, 0, 0, 0.5, 0, 0, 0, 0.89, 10.5, 45.0, 0]
[529, 0, 0, 0, 328.0, 60.0, 85.0, 40.0, 30.0, 45.0, 68.0, 5.0, 0, 0, 0, 0.5, 0, 0, 0, 0.3, 8.5, 120.0, 0]
[530, 0, 0, 0, 508.0, 110.0, 135.0, 60.0, 50.0, 65.0, 88.0, 5.0, 0, 0, 0, 0.5, 0, 0, 0, 0.71, 40.4, 60.0, 0]
[531, 0, 0, 0, 445.0, 103.0, 60.0, 86.0, 60.0, 86.0, 50.0, 5.0, 0, 0, 0, 0.5, 0, 0, 0, 1.09, 31.0, 255.0, 0]
[532, 0, 0, 0, 305.0, 75.0, 80.0, 55.0, 25.0, 35.0, 35.0, 5.0, 0, 0, 0, 0.75, 0, 0, 0, 0.61, 12.5, 180.0, 0]
[533, 0, 0, 0, 405.0, 85.0, 105.0, 85.0, 40.0, 50.0, 40.0, 5.0, 0, 0, 0, 0.75, 0, 0, 0, 1.19, 40.0, 90.0, 0]
[534, 0, 0, 0, 505.0, 105.0, 140.0, 95.0, 55.0, 65.0, 45.0, 5.0, 0, 0, 0, 0.75, 0, 0, 0, 1.4, 87.0, 45.0, 0]
[535, 0, 0, 0, 294.0, 50.0, 50.0, 40.0, 50.0, 40.0, 64.0, 5.0, 0, 0, 0, 0.5, 0, 0, 0, 0.51, 4.5, 255.0, 0]
[536, 0, 0, 0, 384.0, 75.0, 65.0, 55.0, 65.0, 55.0, 69.0, 5.0, 0, 0, 0, 0.5, 0, 0, 0, 0.79, 17.0, 120.0, 0]
[537, 0, 0, 0, 509.0, 105.0, 95.0, 75.0, 85.0, 75.0, 74.0, 5.0, 0, 0, 0, 0.5, 0, 0, 0, 1.5, 62.0, 45.0, 0]
[538, 0, 0, 0, 465.0, 120.0, 100.0, 85.0, 30.0, 85.0, 45.0, 5.0, 0, 0, 0, 1.0, 0, 0, 0, 1.3, 55.5, 45.0, 0]
[539, 0, 0, 0, 465.0, 75.0, 125.0, 75.0, 30.0, 75.0, 85.0, 5.0, 0, 0, 0, 1.0, 0, 0, 0, 1.4, 51.0, 45.0, 0]
[540, 0, 0, 0, 310.0, 45.0, 53.0, 70.0, 40.0, 60.0, 42.0, 5.0, 0, 0, 0, 0.5, 0, 0, 0, 0.3, 2.5, 255.0, 0]
[541, 0, 0, 0, 380.0, 55.0, 63.0, 90.0, 50.0, 80.0, 42.0, 5.0, 0, 0, 0, 0.5, 0, 0, 0, 0.51, 7.3, 120.0, 0]
[542, 0, 0, 0, 500.0, 75.0, 103.0, 80.0, 70.0, 80.0, 92.0, 5.0, 0, 0, 0, 0.5, 0, 0, 0, 1.19, 20.5, 45.0, 0]
[543, 0, 0, 0, 260.0, 30.0, 45.0, 59.0, 30.0, 39.0, 57.0, 5.0, 0, 0, 0, 0.5, 0, 0, 0, 0.41, 5.3, 255.0, 0]
[544, 0, 0, 0, 360.0, 40.0, 55.0, 99.0, 40.0, 79.0, 47.0, 5.0, 0, 0, 0, 0.5, 0, 0, 0, 1.19, 58.5, 120.0, 0]
[545, 0, 0, 0, 485.0, 60.0, 100.0, 89.0, 55.0, 69.0, 112.0, 5.0, 0, 0, 0, 0.5, 0, 0, 0, 2.49, 200.5, 45.0, 0]
[546, 0, 0, 0, 280.0, 40.0, 27.0, 60.0, 37.0, 50.0, 66.0, 5.0, 0, 0, 0, 0.5, 0, 0, 0, 0.3, 0.6, 190.0, 0]
[547, 0, 0, 0, 480.0, 60.0, 67.0, 85.0, 77.0, 75.0, 116.0, 5.0, 0, 0, 0, 0.5, 0, 0, 0, 0.71, 6.6, 75.0, 0]
[548, 0, 0, 0, 280.0, 45.0, 35.0, 50.0, 70.0, 50.0, 30.0, 5.0, 0, 0, 0, 0.0, 0, 0, 0, 0.51, 6.6, 190.0, 0]
[549, 0, 0, 0, 480.0, 70.0, 60.0, 75.0, 110.0, 75.0, 90.0, 5.0, 0, 0, 0, 0.0, 0, 0, 0, 1.09, 16.3, 75.0, 0]
[550, 0, 0, 0, 460.0, 70.0, 92.0, 65.0, 80.0, 55.0, 98.0, 5.0, 0, 0, 0, 0.5, 0, 0, 0, 0.99, 18.0, 25.0, 0]
[551, 0, 0, 0, 292.0, 50.0, 72.0, 35.0, 35.0, 35.0, 65.0, 5.0, 0, 0, 0, 0.5, 0, 0, 0, 0.71, 15.2, 180.0, 0]
[552, 0, 0, 0, 351.0, 60.0, 82.0, 45.0, 45.0, 45.0, 74.0, 5.0, 0, 0, 0, 0.5, 0, 0, 0, 0.99, 33.4, 90.0, 0]
[553, 0, 0, 0, 519.0, 95.0, 117.0, 80.0, 65.0, 70.0, 92.0, 5.0, 0, 0, 0, 0.5, 0, 0, 0, 1.5, 96.3, 45.0, 0]
[554, 0, 0, 0, 315.0, 70.0, 90.0, 45.0, 15.0, 45.0, 50.0, 5.0, 0, 0, 0, 0.5, 0, 0, 0, 0.61, 37.5, 120.0, 0]
[555, 0, 0, 0, 480.0, 105.0, 140.0, 55.0, 30.0, 55.0, 95.0, 5.0, 0, 0, 0, 0.5, 0, 0, 0, 1.3, 92.9, 60.0, 0]
[556, 0, 0, 0, 461.0, 75.0, 86.0, 67.0, 106.0, 67.0, 60.0, 5.0, 0, 0, 0, 0.5, 0, 0, 0, 0.99, 28.0, 255.0, 0]
[557, 0, 0, 0, 325.0, 50.0, 65.0, 85.0, 35.0, 35.0, 55.0, 5.0, 0, 0, 0, 0.5, 0, 0, 0, 0.3, 14.5, 190.0, 0]
[558, 0, 0, 0, 475.0, 70.0, 95.0, 125.0, 65.0, 75.0, 45.0, 5.0, 0, 0, 0, 0.5, 0, 0, 0, 1.4, 200.0, 75.0, 0]
[559, 0, 0, 0, 348.0, 50.0, 75.0, 70.0, 35.0, 70.0, 48.0, 5.0, 0, 0, 0, 0.5, 0, 0, 0, 0.61, 11.8, 180.0, 0]
[560, 0, 0, 0, 488.0, 65.0, 90.0, 115.0, 45.0, 115.0, 58.0, 5.0, 0, 0, 0, 0.5, 0, 0, 0, 1.09, 30.0, 90.0, 0]
[561, 0, 0, 0, 490.0, 72.0, 58.0, 80.0, 103.0, 80.0, 97.0, 5.0, 0, 0, 0, 0.5, 0, 0, 0, 1.4, 14.0, 45.0, 0]
[562, 0, 0, 0, 303.0, 38.0, 30.0, 85.0, 55.0, 65.0, 30.0, 5.0, 0, 0, 0, 0.5, 0, 0, 0, 0.51, 1.5, 190.0, 0]
[563, 0, 0, 0, 483.0, 58.0, 50.0, 145.0, 95.0, 105.0, 30.0, 5.0, 0, 0, 0, 0.5, 0, 0, 0, 1.7, 76.5, 90.0, 0]
[564, 0, 0, 0, 355.0, 54.0, 78.0, 103.0, 53.0, 45.0, 22.0, 5.0, 0, 0, 0, 0.88, 0, 0, 0, 0.71, 16.5, 45.0, 0]
[565, 0, 0, 0, 495.0, 74.0, 108.0, 133.0, 83.0, 65.0, 32.0, 5.0, 0, 0, 0, 0.88, 0, 0, 0, 1.19, 81.0, 45.0, 0]
[566, 0, 0, 0, 401.0, 55.0, 112.0, 45.0, 74.0, 45.0, 70.0, 5.0, 0, 0, 0, 0.88, 0, 0, 0, 0.51, 9.5, 45.0, 0]
[567, 0, 0, 0, 567.0, 75.0, 140.0, 65.0, 112.0, 65.0, 110.0, 5.0, 0, 0, 0, 0.88, 0, 0, 0, 1.4, 32.0, 45.0, 0]
[568, 0, 0, 0, 329.0, 50.0, 50.0, 62.0, 40.0, 62.0, 65.0, 5.0, 0, 0, 0, 0.5, 0, 0, 0, 0.61, 31.0, 190.0, 0]
[569, 0, 0, 0, 474.0, 80.0, 95.0, 82.0, 60.0, 82.0, 75.0, 5.0, 0, 0, 0, 0.5, 0, 0, 0, 1.91, 107.3, 60.0, 0]
[570, 0, 0, 0, 330.0, 40.0, 65.0, 40.0, 80.0, 40.0, 65.0, 5.0, 0, 0, 0, 0.88, 0, 0, 0, 0.71, 12.5, 75.0, 0]
[571, 0, 0, 0, 510.0, 60.0, 105.0, 60.0, 120.0, 60.0, 105.0, 5.0, 0, 0, 0, 0.88, 0, 0, 0, 1.6, 81.1, 45.0, 0]
[572, 0, 0, 0, 300.0, 55.0, 50.0, 40.0, 40.0, 40.0, 75.0, 5.0, 0, 0, 0, 0.25, 0, 0, 0, 0.41, 5.8, 255.0, 0]
[573, 0, 0, 0, 470.0, 75.0, 95.0, 60.0, 65.0, 60.0, 115.0, 5.0, 0, 0, 0, 0.25, 0, 0, 0, 0.51, 7.5, 60.0, 0]
[574, 0, 0, 0, 290.0, 45.0, 30.0, 50.0, 55.0, 65.0, 45.0, 5.0, 0, 0, 0, 0.25, 0, 0, 0, 0.41, 5.8, 200.0, 0]
[575, 0, 0, 0, 390.0, 60.0, 45.0, 70.0, 75.0, 85.0, 55.0, 5.0, 0, 0, 0, 0.25, 0, 0, 0, 0.71, 18.0, 100.0, 0]
[576, 0, 0, 0, 490.0, 70.0, 55.0, 95.0, 95.0, 110.0, 65.0, 5.0, 0, 0, 0, 0.25, 0, 0, 0, 1.5, 44.0, 50.0, 0]
[577, 0, 0, 0, 290.0, 45.0, 30.0, 40.0, 105.0, 50.0, 20.0, 5.0, 0, 0, 0, 0.5, 0, 0, 0, 0.3, 1.0, 200.0, 0]
[578, 0, 0, 0, 370.0, 65.0, 40.0, 50.0, 125.0, 60.0, 30.0, 5.0, 0, 0, 0, 0.5, 0, 0, 0, 0.61, 8.0, 100.0, 0]
[579, 0, 0, 0, 490.0, 110.0, 65.0, 75.0, 125.0, 85.0, 30.0, 5.0, 0, 0, 0, 0.5, 0, 0, 0, 0.99, 20.1, 50.0, 0]
[580, 0, 0, 0, 305.0, 62.0, 44.0, 50.0, 44.0, 50.0, 55.0, 5.0, 0, 0, 0, 0.5, 0, 0, 0, 0.51, 5.5, 190.0, 0]
[581, 0, 0, 0, 473.0, 75.0, 87.0, 63.0, 87.0, 63.0, 98.0, 5.0, 0, 0, 0, 0.5, 0, 0, 0, 1.3, 24.2, 45.0, 0]
[582, 0, 0, 0, 305.0, 36.0, 50.0, 50.0, 65.0, 60.0, 44.0, 5.0, 0, 0, 0, 0.5, 0, 0, 0, 0.41, 5.7, 255.0, 0]
[583, 0, 0, 0, 395.0, 51.0, 65.0, 65.0, 80.0, 75.0, 59.0, 5.0, 0, 0, 0, 0.5, 0, 0, 0, 1.09, 41.0, 120.0, 0]
[584, 0, 0, 0, 535.0, 71.0, 95.0, 85.0, 110.0, 95.0, 79.0, 5.0, 0, 0, 0, 0.5, 0, 0, 0, 1.3, 57.5, 45.0, 0]
[585, 0, 0, 0, 335.0, 60.0, 60.0, 50.0, 40.0, 50.0, 75.0, 5.0, 0, 0, 0, 0.5, 0, 0, 0, 0.61, 19.5, 190.0, 0]
[586, 0, 0, 0, 475.0, 80.0, 100.0, 70.0, 60.0, 70.0, 95.0, 5.0, 0, 0, 0, 0.5, 0, 0, 0, 1.91, 92.5, 75.0, 0]
[587, 0, 0, 0, 428.0, 55.0, 75.0, 60.0, 75.0, 60.0, 103.0, 5.0, 0, 0, 0, 0.5, 0, 0, 0, 0.41, 5.0, 200.0, 0]
[588, 0, 0, 0, 315.0, 50.0, 75.0, 45.0, 40.0, 45.0, 60.0, 5.0, 0, 0, 0, 0.5, 0, 0, 0, 0.51, 5.9, 200.0, 0]
[589, 0, 0, 0, 495.0, 70.0, 135.0, 105.0, 60.0, 105.0, 20.0, 5.0, 0, 0, 0, 0.5, 0, 0, 0, 0.99, 33.0, 75.0, 0]
[590, 0, 0, 0, 294.0, 69.0, 55.0, 45.0, 55.0, 55.0, 15.0, 5.0, 0, 0, 0, 0.5, 0, 0, 0, 0.2, 1.0, 190.0, 0]
[591, 0, 0, 0, 464.0, 114.0, 85.0, 70.0, 85.0, 80.0, 30.0, 5.0, 0, 0, 0, 0.5, 0, 0, 0, 0.61, 10.5, 75.0, 0]
[592, 0, 0, 0, 335.0, 55.0, 40.0, 50.0, 65.0, 85.0, 40.0, 5.0, 0, 0, 0, 0.5, 0, 0, 0, 1.19, 33.0, 190.0, 0]
[593, 0, 0, 0, 480.0, 100.0, 60.0, 70.0, 85.0, 105.0, 60.0, 5.0, 0, 0, 0, 0.5, 0, 0, 0, 2.21, 135.0, 60.0, 0]
[594, 0, 0, 0, 470.0, 165.0, 75.0, 80.0, 40.0, 45.0, 65.0, 5.0, 0, 0, 0, 0.5, 0, 0, 0, 1.19, 31.6, 75.0, 0]
[595, 0, 0, 0, 319.0, 50.0, 47.0, 50.0, 57.0, 50.0, 65.0, 5.0, 0, 0, 0, 0.5, 0, 0, 0, 0.1, 0.6, 190.0, 0]
[596, 0, 0, 0, 472.0, 70.0, 77.0, 60.0, 97.0, 60.0, 108.0, 5.0, 0, 0, 0, 0.5, 0, 0, 0, 0.79, 14.3, 75.0, 0]
[597, 0, 0, 0, 305.0, 44.0, 50.0, 91.0, 24.0, 86.0, 10.0, 5.0, 0, 0, 0, 0.5, 0, 0, 0, 0.61, 18.8, 255.0, 0]
[598, 0, 0, 0, 489.0, 74.0, 94.0, 131.0, 54.0, 116.0, 20.0, 5.0, 0, 0, 0, 0.5, 0, 0, 0, 0.99, 110.0, 90.0, 0]
[599, 0, 0, 0, 300.0, 40.0, 55.0, 70.0, 45.0, 60.0, 30.0, 5.0, 0, 0, 0, 0.0, 0, 0, 0, 0.3, 21.0, 130.0, 0]
[600, 0, 0, 0, 440.0, 60.0, 80.0, 95.0, 70.0, 85.0, 50.0, 5.0, 0, 0, 0, 0.0, 0, 0, 0, 0.61, 51.0, 60.0, 0]
[601, 0, 0, 0, 520.0, 60.0, 100.0, 115.0, 70.0, 85.0, 90.0, 5.0, 0, 0, 0, 0.0, 0, 0, 0, 0.61, 81.0, 30.0, 0]
[602, 0, 0, 0, 275.0, 35.0, 55.0, 40.0, 45.0, 40.0, 60.0, 5.0, 0, 0, 0, 0.5, 0, 0, 0, 0.2, 0.3, 190.0, 0]
[603, 0, 0, 0, 405.0, 65.0, 85.0, 70.0, 75.0, 70.0, 40.0, 5.0, 0, 0, 0, 0.5, 0, 0, 0, 1.19, 22.0, 60.0, 0]
[604, 0, 0, 0, 515.0, 85.0, 115.0, 80.0, 105.0, 80.0, 50.0, 5.0, 0, 0, 0, 0.5, 0, 0, 0, 2.11, 80.5, 30.0, 0]
[605, 0, 0, 0, 335.0, 55.0, 55.0, 55.0, 85.0, 55.0, 30.0, 5.0, 0, 0, 0, 0.5, 0, 0, 0, 0.51, 9.0, 255.0, 0]
[606, 0, 0, 0, 485.0, 75.0, 75.0, 75.0, 125.0, 95.0, 40.0, 5.0, 0, 0, 0, 0.5, 0, 0, 0, 0.99, 34.5, 90.0, 0]
[607, 0, 0, 0, 275.0, 50.0, 30.0, 55.0, 65.0, 55.0, 20.0, 5.0, 0, 0, 0, 0.5, 0, 0, 0, 0.3, 3.1, 190.0, 0]
[608, 0, 0, 0, 370.0, 60.0, 40.0, 60.0, 95.0, 60.0, 55.0, 5.0, 0, 0, 0, 0.5, 0, 0, 0, 0.61, 13.0, 90.0, 0]
[609, 0, 0, 0, 520.0, 60.0, 55.0, 90.0, 145.0, 90.0, 80.0, 5.0, 0, 0, 0, 0.5, 0, 0, 0, 0.99, 34.3, 45.0, 0]
[610, 0, 0, 0, 320.0, 46.0, 87.0, 60.0, 30.0, 40.0, 57.0, 5.0, 0, 0, 0, 0.5, 0, 0, 0, 0.61, 18.0, 75.0, 0]
[611, 0, 0, 0, 410.0, 66.0, 117.0, 70.0, 40.0, 50.0, 67.0, 5.0, 0, 0, 0, 0.5, 0, 0, 0, 0.99, 36.0, 60.0, 0]
[612, 0, 0, 0, 540.0, 76.0, 147.0, 90.0, 60.0, 70.0, 97.0, 5.0, 0, 0, 0, 0.5, 0, 0, 0, 1.8, 105.5, 45.0, 0]
[613, 0, 0, 0, 305.0, 55.0, 70.0, 40.0, 60.0, 40.0, 40.0, 5.0, 0, 0, 0, 0.5, 0, 0, 0, 0.51, 8.5, 120.0, 0]
[614, 0, 0, 0, 485.0, 95.0, 110.0, 80.0, 70.0, 80.0, 50.0, 5.0, 0, 0, 0, 0.5, 0, 0, 0, 2.59, 260.0, 60.0, 0]
[615, 0, 0, 0, 485.0, 70.0, 50.0, 30.0, 95.0, 135.0, 105.0, 5.0, 0, 0, 0, 0.0, 0, 0, 0, 1.09, 148.0, 25.0, 0]
[616, 0, 0, 0, 305.0, 50.0, 40.0, 85.0, 40.0, 65.0, 25.0, 5.0, 0, 0, 0, 0.5, 0, 0, 0, 0.41, 7.7, 200.0, 0]
[617, 0, 0, 0, 495.0, 80.0, 70.0, 40.0, 100.0, 60.0, 145.0, 5.0, 0, 0, 0, 0.5, 0, 0, 0, 0.79, 25.3, 75.0, 0]
[618, 0, 0, 0, 471.0, 109.0, 66.0, 84.0, 81.0, 99.0, 32.0, 5.0, 0, 0, 0, 0.5, 0, 0, 0, 0.71, 11.0, 75.0, 0]
[619, 0, 0, 0, 350.0, 45.0, 85.0, 50.0, 55.0, 50.0, 65.0, 5.0, 0, 0, 0, 0.5, 0, 0, 0, 0.89, 20.0, 180.0, 0]
[620, 0, 0, 0, 510.0, 65.0, 125.0, 60.0, 95.0, 60.0, 105.0, 5.0, 0, 0, 0, 0.5, 0, 0, 0, 1.4, 35.5, 45.0, 0]
[621, 0, 0, 0, 485.0, 77.0, 120.0, 90.0, 60.0, 90.0, 48.0, 5.0, 0, 0, 0, 0.5, 0, 0, 0, 1.6, 139.0, 45.0, 0]
[622, 0, 0, 0, 303.0, 59.0, 74.0, 50.0, 35.0, 50.0, 35.0, 5.0, 0, 0, 0, 0.0, 0, 0, 0, 0.99, 92.0, 190.0, 0]
[623, 0, 0, 0, 483.0, 89.0, 124.0, 80.0, 55.0, 80.0, 55.0, 5.0, 0, 0, 0, 0.0, 0, 0, 0, 2.79, 330.0, 90.0, 0]
[624, 0, 0, 0, 340.0, 45.0, 85.0, 70.0, 40.0, 40.0, 60.0, 5.0, 0, 0, 0, 0.5, 0, 0, 0, 0.51, 10.2, 120.0, 0]
[625, 0, 0, 0, 490.0, 65.0, 125.0, 100.0, 60.0, 70.0, 70.0, 5.0, 0, 0, 0, 0.5, 0, 0, 0, 1.6, 70.0, 45.0, 0]
[626, 0, 0, 0, 490.0, 95.0, 110.0, 95.0, 40.0, 95.0, 55.0, 5.0, 0, 0, 0, 0.5, 0, 0, 0, 1.6, 94.6, 45.0, 0]
[627, 0, 0, 0, 350.0, 70.0, 83.0, 50.0, 37.0, 50.0, 60.0, 5.0, 0, 0, 0, 1.0, 0, 0, 0, 0.51, 10.5, 190.0, 0]
[628, 0, 0, 0, 510.0, 100.0, 123.0, 75.0, 57.0, 75.0, 80.0, 5.0, 0, 0, 0, 1.0, 0, 0, 0, 1.5, 41.0, 60.0, 0]
[629, 0, 0, 0, 370.0, 70.0, 55.0, 75.0, 45.0, 65.0, 60.0, 5.0, 0, 0, 0, 0.0, 0, 0, 0, 0.51, 9.0, 190.0, 0]
[630, 0, 0, 0, 510.0, 110.0, 65.0, 105.0, 55.0, 95.0, 80.0, 5.0, 0, 0, 0, 0.0, 0, 0, 0, 1.19, 39.5, 60.0, 0]
[631, 0, 0, 0, 484.0, 85.0, 97.0, 66.0, 105.0, 66.0, 65.0, 5.0, 0, 0, 0, 0.5, 0, 0, 0, 1.4, 58.0, 90.0, 0]
[632, 0, 0, 0, 484.0, 58.0, 109.0, 112.0, 48.0, 48.0, 109.0, 5.0, 0, 0, 0, 0.5, 0, 0, 0, 0.3, 33.0, 90.0, 0]
[633, 0, 0, 0, 300.0, 52.0, 65.0, 50.0, 45.0, 50.0, 38.0, 5.0, 0, 0, 0, 0.5, 0, 0, 0, 0.79, 17.3, 45.0, 0]
[634, 0, 0, 0, 420.0, 72.0, 85.0, 70.0, 65.0, 70.0, 58.0, 5.0, 0, 0, 0, 0.5, 0, 0, 0, 1.4, 50.0, 45.0, 0]
[635, 0, 0, 0, 600.0, 92.0, 105.0, 90.0, 125.0, 90.0, 98.0, 5.0, 0, 0, 0, 0.5, 0, 0, 0, 1.8, 160.0, 45.0, 0]
[636, 0, 0, 0, 360.0, 55.0, 85.0, 55.0, 50.0, 55.0, 60.0, 5.0, 0, 0, 0, 0.5, 0, 0, 0, 1.09, 28.8, 45.0, 0]
[637, 0, 0, 0, 550.0, 85.0, 60.0, 65.0, 135.0, 105.0, 100.0, 5.0, 0, 0, 0, 0.5, 0, 0, 0, 1.6, 46.0, 15.0, 0]
[638, 0, 0, 0, 580.0, 91.0, 90.0, 129.0, 90.0, 72.0, 108.0, 5.0, 0, 0, 0, 0.0, 0, 0, 0, 2.11, 250.0, 3.0, 0]
[639, 0, 0, 0, 580.0, 91.0, 129.0, 90.0, 72.0, 90.0, 108.0, 5.0, 0, 0, 0, 0.0, 0, 0, 0, 1.91, 260.0, 3.0, 0]
[640, 0, 0, 0, 580.0, 91.0, 90.0, 72.0, 90.0, 129.0, 108.0, 5.0, 0, 0, 0, 0.0, 0, 0, 0, 2.01, 200.0, 3.0, 0]
[641, 0, 0, 0, 580.0, 79.0, 115.0, 70.0, 125.0, 80.0, 111.0, 5.0, 0, 0, 0, 1.0, 0, 0, 0, 1.5, 63.0, 3.0, 0]
[642, 0, 0, 0, 580.0, 79.0, 115.0, 70.0, 125.0, 80.0, 111.0, 5.0, 0, 0, 0, 1.0, 0, 0, 0, 1.5, 61.0, 3.0, 0]
[643, 0, 0, 0, 680.0, 100.0, 120.0, 100.0, 150.0, 120.0, 90.0, 5.0, 0, 0, 0, 0.0, 0, 0, 0, 3.2, 330.0, 3.0, 0]
[644, 0, 0, 0, 680.0, 100.0, 150.0, 120.0, 120.0, 100.0, 90.0, 5.0, 0, 0, 0, 0.0, 0, 0, 0, 2.9, 345.0, 3.0, 0]
[645, 0, 0, 0, 600.0, 89.0, 125.0, 90.0, 115.0, 80.0, 101.0, 5.0, 0, 0, 0, 1.0, 0, 0, 0, 1.5, 68.0, 3.0, 0]
[646, 0, 0, 0, 660.0, 125.0, 130.0, 90.0, 130.0, 90.0, 95.0, 5.0, 0, 0, 0, 0.0, 0, 0, 0, 3.0, 325.0, 3.0, 0]
[647, 0, 0, 0, 580.0, 91.0, 72.0, 90.0, 129.0, 90.0, 108.0, 5.0, 0, 0, 0, 0.0, 0, 0, 0, 1.4, 48.5, 3.0, 0]
[648, 0, 0, 0, 600.0, 100.0, 77.0, 77.0, 128.0, 128.0, 90.0, 5.0, 0, 0, 0, 0.0, 0, 0, 0, 0.61, 6.5, 3.0, 0]
[649, 0, 0, 0, 600.0, 71.0, 120.0, 95.0, 120.0, 95.0, 99.0, 5.0, 0, 0, 0, 0.0, 0, 0, 0, 1.5, 82.5, 3.0, 0]
[650, 0, 0, 0, 313.0, 56.0, 61.0, 65.0, 48.0, 45.0, 38.0, 6.0, 0, 0, 0, 0.88, 0, 0, 0, 0.41, 9.0, 45.0, 0]
[651, 0, 0, 0, 405.0, 61.0, 78.0, 95.0, 56.0, 58.0, 57.0, 6.0, 0, 0, 0, 0.88, 0, 0, 0, 0.71, 29.0, 45.0, 0]
[652, 0, 0, 0, 530.0, 88.0, 107.0, 122.0, 74.0, 75.0, 64.0, 6.0, 0, 0, 0, 0.88, 0, 0, 0, 1.6, 90.0, 45.0, 0]
[653, 0, 0, 0, 307.0, 40.0, 45.0, 40.0, 62.0, 60.0, 60.0, 6.0, 0, 0, 0, 0.88, 0, 0, 0, 0.41, 9.4, 45.0, 0]
[654, 0, 0, 0, 409.0, 59.0, 59.0, 58.0, 90.0, 70.0, 73.0, 6.0, 0, 0, 0, 0.88, 0, 0, 0, 0.99, 14.5, 45.0, 0]
[655, 0, 0, 0, 534.0, 75.0, 69.0, 72.0, 114.0, 100.0, 104.0, 6.0, 0, 0, 0, 0.88, 0, 0, 0, 1.5, 39.0, 45.0, 0]
[656, 0, 0, 0, 314.0, 41.0, 56.0, 40.0, 62.0, 44.0, 71.0, 6.0, 0, 0, 0, 0.88, 0, 0, 0, 0.3, 7.0, 45.0, 0]
[657, 0, 0, 0, 405.0, 54.0, 63.0, 52.0, 83.0, 56.0, 97.0, 6.0, 0, 0, 0, 0.88, 0, 0, 0, 0.61, 10.9, 45.0, 0]
[658, 0, 0, 0, 530.0, 72.0, 95.0, 67.0, 103.0, 71.0, 122.0, 6.0, 0, 0, 0, 0.88, 0, 0, 0, 1.5, 40.0, 45.0, 0]
[659, 0, 0, 0, 237.0, 38.0, 36.0, 38.0, 32.0, 36.0, 57.0, 6.0, 0, 0, 0, 0.5, 0, 0, 0, 0.41, 5.0, 255.0, 0]
[660, 0, 0, 0, 423.0, 85.0, 56.0, 77.0, 50.0, 77.0, 78.0, 6.0, 0, 0, 0, 0.5, 0, 0, 0, 0.99, 42.4, 127.0, 0]
[661, 0, 0, 0, 278.0, 45.0, 50.0, 43.0, 40.0, 38.0, 62.0, 6.0, 0, 0, 0, 0.5, 0, 0, 0, 0.3, 1.7, 255.0, 0]
[662, 0, 0, 0, 382.0, 62.0, 73.0, 55.0, 56.0, 52.0, 84.0, 6.0, 0, 0, 0, 0.5, 0, 0, 0, 0.71, 16.0, 120.0, 0]
[663, 0, 0, 0, 499.0, 78.0, 81.0, 71.0, 74.0, 69.0, 126.0, 6.0, 0, 0, 0, 0.5, 0, 0, 0, 1.19, 24.5, 45.0, 0]
[664, 0, 0, 0, 200.0, 38.0, 35.0, 40.0, 27.0, 25.0, 35.0, 6.0, 0, 0, 0, 0.5, 0, 0, 0, 0.3, 2.5, 255.0, 0]
[665, 0, 0, 0, 213.0, 45.0, 22.0, 60.0, 27.0, 30.0, 29.0, 6.0, 0, 0, 0, 0.5, 0, 0, 0, 0.3, 8.4, 120.0, 0]
[666, 0, 0, 0, 411.0, 80.0, 52.0, 50.0, 90.0, 50.0, 89.0, 6.0, 0, 0, 0, 0.5, 0, 0, 0, 1.19, 17.0, 45.0, 0]
[667, 0, 0, 0, 369.0, 62.0, 50.0, 58.0, 73.0, 54.0, 72.0, 6.0, 0, 0, 0, 0.12, 0, 0, 0, 0.61, 13.5, 220.0, 0]
[668, 0, 0, 0, 507.0, 86.0, 68.0, 72.0, 109.0, 66.0, 106.0, 6.0, 0, 0, 0, 0.12, 0, 0, 0, 1.5, 81.5, 65.0, 0]
[669, 0, 0, 0, 303.0, 44.0, 38.0, 39.0, 61.0, 79.0, 42.0, 6.0, 0, 0, 0, 0.0, 0, 0, 0, 0.1, 0.1, 225.0, 0]
[670, 0, 0, 0, 371.0, 54.0, 45.0, 47.0, 75.0, 98.0, 52.0, 6.0, 0, 0, 0, 0.0, 0, 0, 0, 0.2, 0.9, 120.0, 0]
[671, 0, 0, 0, 552.0, 78.0, 65.0, 68.0, 112.0, 154.0, 75.0, 6.0, 0, 0, 0, 0.0, 0, 0, 0, 1.09, 10.0, 45.0, 0]
[672, 0, 0, 0, 350.0, 66.0, 65.0, 48.0, 62.0, 57.0, 52.0, 6.0, 0, 0, 0, 0.5, 0, 0, 0, 0.89, 31.0, 200.0, 0]
[673, 0, 0, 0, 531.0, 123.0, 100.0, 62.0, 97.0, 81.0, 68.0, 6.0, 0, 0, 0, 0.5, 0, 0, 0, 1.7, 91.0, 45.0, 0]
[674, 0, 0, 0, 348.0, 67.0, 82.0, 62.0, 46.0, 48.0, 43.0, 6.0, 0, 0, 0, 0.5, 0, 0, 0, 0.61, 8.0, 220.0, 0]
[675, 0, 0, 0, 495.0, 95.0, 124.0, 78.0, 69.0, 71.0, 58.0, 6.0, 0, 0, 0, 0.5, 0, 0, 0, 2.11, 136.0, 65.0, 0]
[676, 0, 0, 0, 472.0, 75.0, 80.0, 60.0, 65.0, 90.0, 102.0, 6.0, 0, 0, 0, 0.5, 0, 0, 0, 1.19, 28.0, 160.0, 0]
[677, 0, 0, 0, 355.0, 62.0, 48.0, 54.0, 63.0, 60.0, 68.0, 6.0, 0, 0, 0, 0.5, 0, 0, 0, 0.3, 3.5, 190.0, 0]
[678, 0, 0, 0, 466.0, 74.0, 48.0, 76.0, 83.0, 81.0, 104.0, 6.0, 0, 0, 0, 0.5, 0, 0, 0, 0.61, 8.5, 75.0, 0]
[679, 0, 0, 0, 325.0, 45.0, 80.0, 100.0, 35.0, 37.0, 28.0, 6.0, 0, 0, 0, 0.5, 0, 0, 0, 0.79, 2.0, 180.0, 0]
[680, 0, 0, 0, 448.0, 59.0, 110.0, 150.0, 45.0, 49.0, 35.0, 6.0, 0, 0, 0, 0.5, 0, 0, 0, 0.84, 4.5, 90.0, 0]
[681, 0, 0, 0, 520.0, 60.0, 50.0, 150.0, 50.0, 150.0, 60.0, 6.0, 0, 0, 0, 0.5, 0, 0, 0, 1.7, 53.0, 45.0, 0]
[682, 0, 0, 0, 341.0, 78.0, 52.0, 60.0, 63.0, 65.0, 23.0, 6.0, 0, 0, 0, 0.5, 0, 0, 0, 0.2, 0.5, 200.0, 0]
[683, 0, 0, 0, 462.0, 101.0, 72.0, 72.0, 99.0, 89.0, 29.0, 6.0, 0, 0, 0, 0.5, 0, 0, 0, 0.79, 15.5, 140.0, 0]
[684, 0, 0, 0, 341.0, 62.0, 48.0, 66.0, 59.0, 57.0, 49.0, 6.0, 0, 0, 0, 0.5, 0, 0, 0, 0.41, 3.5, 200.0, 0]
[685, 0, 0, 0, 480.0, 82.0, 80.0, 86.0, 85.0, 75.0, 72.0, 6.0, 0, 0, 0, 0.5, 0, 0, 0, 0.79, 5.0, 140.0, 0]
[686, 0, 0, 0, 288.0, 53.0, 54.0, 53.0, 37.0, 46.0, 45.0, 6.0, 0, 0, 0, 0.5, 0, 0, 0, 0.41, 3.5, 190.0, 0]
[687, 0, 0, 0, 482.0, 86.0, 92.0, 88.0, 68.0, 75.0, 73.0, 6.0, 0, 0, 0, 0.5, 0, 0, 0, 1.5, 47.0, 80.0, 0]
[688, 0, 0, 0, 306.0, 42.0, 52.0, 67.0, 39.0, 56.0, 50.0, 6.0, 0, 0, 0, 0.5, 0, 0, 0, 0.51, 31.0, 120.0, 0]
[689, 0, 0, 0, 500.0, 72.0, 105.0, 115.0, 54.0, 86.0, 68.0, 6.0, 0, 0, 0, 0.5, 0, 0, 0, 1.3, 96.0, 45.0, 0]
[690, 0, 0, 0, 320.0, 50.0, 60.0, 60.0, 60.0, 60.0, 30.0, 6.0, 0, 0, 0, 0.5, 0, 0, 0, 0.51, 7.3, 225.0, 0]
[691, 0, 0, 0, 494.0, 65.0, 75.0, 90.0, 97.0, 123.0, 44.0, 6.0, 0, 0, 0, 0.5, 0, 0, 0, 1.8, 81.5, 55.0, 0]
[692, 0, 0, 0, 330.0, 50.0, 53.0, 62.0, 58.0, 63.0, 44.0, 6.0, 0, 0, 0, 0.5, 0, 0, 0, 0.51, 8.3, 225.0, 0]
[693, 0, 0, 0, 500.0, 71.0, 73.0, 88.0, 120.0, 89.0, 59.0, 6.0, 0, 0, 0, 0.5, 0, 0, 0, 1.3, 35.3, 55.0, 0]
[694, 0, 0, 0, 289.0, 44.0, 38.0, 33.0, 61.0, 43.0, 70.0, 6.0, 0, 0, 0, 0.5, 0, 0, 0, 0.51, 6.0, 190.0, 0]
[695, 0, 0, 0, 481.0, 62.0, 55.0, 52.0, 109.0, 94.0, 109.0, 6.0, 0, 0, 0, 0.5, 0, 0, 0, 0.99, 21.0, 75.0, 0]
[696, 0, 0, 0, 362.0, 58.0, 89.0, 77.0, 45.0, 45.0, 48.0, 6.0, 0, 0, 0, 0.88, 0, 0, 0, 0.79, 26.0, 45.0, 0]
[697, 0, 0, 0, 521.0, 82.0, 121.0, 119.0, 69.0, 59.0, 71.0, 6.0, 0, 0, 0, 0.88, 0, 0, 0, 2.49, 270.0, 45.0, 0]
[698, 0, 0, 0, 362.0, 77.0, 59.0, 50.0, 67.0, 63.0, 46.0, 6.0, 0, 0, 0, 0.88, 0, 0, 0, 1.3, 25.2, 45.0, 0]
[699, 0, 0, 0, 521.0, 123.0, 77.0, 72.0, 99.0, 92.0, 58.0, 6.0, 0, 0, 0, 0.88, 0, 0, 0, 2.69, 225.0, 45.0, 0]
[700, 0, 0, 0, 525.0, 95.0, 65.0, 65.0, 110.0, 130.0, 60.0, 6.0, 0, 0, 0, 0.88, 0, 0, 0, 0.99, 23.5, 45.0, 0]
[701, 0, 0, 0, 500.0, 78.0, 92.0, 75.0, 74.0, 63.0, 118.0, 6.0, 0, 0, 0, 0.5, 0, 0, 0, 0.79, 21.5, 100.0, 0]
[702, 0, 0, 0, 431.0, 67.0, 58.0, 57.0, 81.0, 67.0, 101.0, 6.0, 0, 0, 0, 0.5, 0, 0, 0, 0.2, 2.2, 180.0, 0]
[703, 0, 0, 0, 500.0, 50.0, 50.0, 150.0, 50.0, 150.0, 50.0, 6.0, 0, 0, 0, 0.0, 0, 0, 0, 0.3, 5.7, 60.0, 0]
[704, 0, 0, 0, 300.0, 45.0, 50.0, 35.0, 55.0, 75.0, 40.0, 6.0, 0, 0, 0, 0.5, 0, 0, 0, 0.3, 2.8, 45.0, 0]
[705, 0, 0, 0, 452.0, 68.0, 75.0, 53.0, 83.0, 113.0, 60.0, 6.0, 0, 0, 0, 0.5, 0, 0, 0, 0.79, 17.5, 45.0, 0]
[706, 0, 0, 0, 600.0, 90.0, 100.0, 70.0, 110.0, 150.0, 80.0, 6.0, 0, 0, 0, 0.5, 0, 0, 0, 2.01, 150.5, 45.0, 0]
[707, 0, 0, 0, 470.0, 57.0, 80.0, 91.0, 80.0, 87.0, 75.0, 6.0, 0, 0, 0, 0.5, 0, 0, 0, 0.2, 3.0, 75.0, 0]
[708, 0, 0, 0, 309.0, 43.0, 70.0, 48.0, 50.0, 60.0, 38.0, 6.0, 0, 0, 0, 0.5, 0, 0, 0, 0.41, 7.0, 120.0, 0]
[709, 0, 0, 0, 474.0, 85.0, 110.0, 76.0, 65.0, 82.0, 56.0, 6.0, 0, 0, 0, 0.5, 0, 0, 0, 1.5, 71.0, 60.0, 0]
[710, 0, 0, 0, 335.0, 49.0, 66.0, 70.0, 44.0, 55.0, 51.0, 6.0, 0, 0, 0, 0.5, 0, 0, 0, 0.41, 5.0, 120.0, 0]
[711, 0, 0, 0, 494.0, 65.0, 90.0, 122.0, 58.0, 75.0, 84.0, 6.0, 0, 0, 0, 0.5, 0, 0, 0, 1.7, 39.0, 60.0, 0]
[712, 0, 0, 0, 304.0, 55.0, 69.0, 85.0, 32.0, 35.0, 28.0, 6.0, 0, 0, 0, 0.5, 0, 0, 0, 0.99, 99.5, 190.0, 0]
[713, 0, 0, 0, 514.0, 95.0, 117.0, 184.0, 44.0, 46.0, 28.0, 6.0, 0, 0, 0, 0.5, 0, 0, 0, 2.01, 505.0, 55.0, 0]
[714, 0, 0, 0, 245.0, 40.0, 30.0, 35.0, 45.0, 40.0, 55.0, 6.0, 0, 0, 0, 0.5, 0, 0, 0, 0.51, 8.0, 190.0, 0]
[715, 0, 0, 0, 535.0, 85.0, 70.0, 80.0, 97.0, 80.0, 123.0, 6.0, 0, 0, 0, 0.5, 0, 0, 0, 1.5, 85.0, 45.0, 0]
[716, 0, 0, 0, 680.0, 126.0, 131.0, 95.0, 131.0, 98.0, 99.0, 6.0, 0, 0, 0, 0.0, 0, 0, 0, 3.0, 215.0, 45.0, 0]
[717, 0, 0, 0, 680.0, 126.0, 131.0, 95.0, 131.0, 98.0, 99.0, 6.0, 0, 0, 0, 0.0, 0, 0, 0, 5.79, 203.0, 45.0, 0]
[718, 0, 0, 0, 600.0, 108.0, 100.0, 121.0, 81.0, 95.0, 95.0, 6.0, 0, 0, 0, 0.0, 0, 0, 0, 5.0, 305.0, 3.0, 0]
[719, 0, 0, 0, 600.0, 50.0, 100.0, 150.0, 100.0, 150.0, 50.0, 6.0, 0, 0, 0, 0.0, 0, 0, 0, 0.71, 8.8, 3.0, 0]
[720, 0, 0, 0, 600.0, 80.0, 110.0, 60.0, 150.0, 130.0, 70.0, 6.0, 0, 0, 0, 0.0, 0, 0, 0, 0.51, 9.0, 3.0, 0]
[721, 0, 0, 0, 600.0, 80.0, 110.0, 120.0, 130.0, 90.0, 70.0, 6.0, 0, 0, 0, 0.0, 0, 0, 0, 1.7, 195.0, 3.0, 0]
